start	end	type	var
4184079	4184080	IS_AST_PARENT	
4184079	4184081	IS_AST_PARENT	
4184078	4184079	IS_AST_PARENT	
4184077	4184078	IS_AST_PARENT	
4184083	4184084	IS_AST_PARENT	
4184083	4184085	IS_AST_PARENT	
4184082	4184083	IS_AST_PARENT	
4184077	4184082	IS_AST_PARENT	
4184087	4184088	IS_AST_PARENT	
4184087	4184089	IS_AST_PARENT	
4184086	4184087	IS_AST_PARENT	
4184090	4184091	IS_AST_PARENT	
4184090	4184092	IS_AST_PARENT	
4184086	4184090	IS_AST_PARENT	
4184077	4184086	IS_AST_PARENT	
4184094	4184095	IS_AST_PARENT	
4184094	4184096	IS_AST_PARENT	
4184093	4184094	IS_AST_PARENT	
4184077	4184093	IS_AST_PARENT	
4184098	4184099	IS_AST_PARENT	
4184098	4184100	IS_AST_PARENT	
4184101	4184102	IS_AST_PARENT	
4184103	4184104	IS_AST_PARENT	
4184103	4184105	IS_AST_PARENT	
4184101	4184103	IS_AST_PARENT	
4184098	4184101	IS_AST_PARENT	
4184097	4184098	IS_AST_PARENT	
4184077	4184097	IS_AST_PARENT	
4184107	4184108	IS_AST_PARENT	
4184107	4184109	IS_AST_PARENT	
4184106	4184107	IS_AST_PARENT	
4184110	4184111	IS_AST_PARENT	
4184110	4184112	IS_AST_PARENT	
4184106	4184110	IS_AST_PARENT	
4184077	4184106	IS_AST_PARENT	
4184114	4184115	IS_AST_PARENT	
4184114	4184116	IS_AST_PARENT	
4184113	4184114	IS_AST_PARENT	
4184077	4184113	IS_AST_PARENT	
4184118	4184119	IS_AST_PARENT	
4184118	4184120	IS_AST_PARENT	
4184117	4184118	IS_AST_PARENT	
4184077	4184117	IS_AST_PARENT	
4184122	4184123	IS_AST_PARENT	
4184122	4184124	IS_AST_PARENT	
4184121	4184122	IS_AST_PARENT	
4184077	4184121	IS_AST_PARENT	
4184127	4184128	IS_AST_PARENT	
4184126	4184127	IS_AST_PARENT	
4184130	4184131	IS_AST_PARENT	
4184129	4184130	IS_AST_PARENT	
4184126	4184129	IS_AST_PARENT	
4184125	4184126	IS_AST_PARENT	
4184077	4184125	IS_AST_PARENT	
4184133	4184134	IS_AST_PARENT	
4184135	4184136	IS_AST_PARENT	
4184135	4184137	IS_AST_PARENT	
4184133	4184135	IS_AST_PARENT	
4184132	4184133	IS_AST_PARENT	
4184077	4184132	IS_AST_PARENT	
4184140	4184141	IS_AST_PARENT	
4184140	4184142	IS_AST_PARENT	
4184139	4184140	IS_AST_PARENT	
4184139	4184143	IS_AST_PARENT	
4184138	4184139	IS_AST_PARENT	
4184077	4184138	IS_AST_PARENT	
4184146	4184147	IS_AST_PARENT	
4184146	4184148	IS_AST_PARENT	
4184145	4184146	IS_AST_PARENT	
4184145	4184149	IS_AST_PARENT	
4184144	4184145	IS_AST_PARENT	
4184077	4184144	IS_AST_PARENT	
4184151	4184152	IS_AST_PARENT	
4184154	4184155	IS_AST_PARENT	
4184154	4184156	IS_AST_PARENT	
4184153	4184154	IS_AST_PARENT	
4184158	4184159	IS_AST_PARENT	
4184158	4184160	IS_AST_PARENT	
4184157	4184158	IS_AST_PARENT	
4184161	4184162	IS_AST_PARENT	
4184161	4184163	IS_AST_PARENT	
4184157	4184161	IS_AST_PARENT	
4184153	4184157	IS_AST_PARENT	
4184151	4184153	IS_AST_PARENT	
4184150	4184151	IS_AST_PARENT	
4184077	4184150	IS_AST_PARENT	
4184165	4184166	IS_AST_PARENT	
4184168	4184169	IS_AST_PARENT	
4184168	4184170	IS_AST_PARENT	
4184167	4184168	IS_AST_PARENT	
4184167	4184171	IS_AST_PARENT	
4184165	4184167	IS_AST_PARENT	
4184164	4184165	IS_AST_PARENT	
4184077	4184164	IS_AST_PARENT	
4184174	4184175	IS_AST_PARENT	
4184174	4184176	IS_AST_PARENT	
4184173	4184174	IS_AST_PARENT	
4184173	4184177	IS_AST_PARENT	
4184172	4184173	IS_AST_PARENT	
4184077	4184172	IS_AST_PARENT	
4184180	4184181	IS_AST_PARENT	
4184180	4184182	IS_AST_PARENT	
4184179	4184180	IS_AST_PARENT	
4184179	4184183	IS_AST_PARENT	
4184178	4184179	IS_AST_PARENT	
4184077	4184178	IS_AST_PARENT	
4184186	4184187	IS_AST_PARENT	
4184186	4184188	IS_AST_PARENT	
4184185	4184186	IS_AST_PARENT	
4184189	4184190	IS_AST_PARENT	
4184191	4184192	IS_AST_PARENT	
4184194	4184195	IS_AST_PARENT	
4184194	4184196	IS_AST_PARENT	
4184193	4184194	IS_AST_PARENT	
4184193	4184197	IS_AST_PARENT	
4184191	4184193	IS_AST_PARENT	
4184189	4184191	IS_AST_PARENT	
4184185	4184189	IS_AST_PARENT	
4184184	4184185	IS_AST_PARENT	
4184077	4184184	IS_AST_PARENT	
4184200	4184201	IS_AST_PARENT	
4184200	4184202	IS_AST_PARENT	
4184199	4184200	IS_AST_PARENT	
4184198	4184199	IS_AST_PARENT	
4184206	4184207	IS_AST_PARENT	
4184206	4184208	IS_AST_PARENT	
4184205	4184206	IS_AST_PARENT	
4184205	4184209	IS_AST_PARENT	
4184204	4184205	IS_AST_PARENT	
4184203	4184204	IS_AST_PARENT	
4184198	4184203	IS_AST_PARENT	
4184077	4184198	IS_AST_PARENT	
4184212	4184213	IS_AST_PARENT	
4184212	4184214	IS_AST_PARENT	
4184211	4184212	IS_AST_PARENT	
4184211	4184215	IS_AST_PARENT	
4184210	4184211	IS_AST_PARENT	
4184077	4184210	IS_AST_PARENT	
4184218	4184219	IS_AST_PARENT	
4184218	4184220	IS_AST_PARENT	
4184217	4184218	IS_AST_PARENT	
4184221	4184222	IS_AST_PARENT	
4184221	4184223	IS_AST_PARENT	
4184217	4184221	IS_AST_PARENT	
4184216	4184217	IS_AST_PARENT	
4184077	4184216	IS_AST_PARENT	
4184226	4184227	IS_AST_PARENT	
4184226	4184228	IS_AST_PARENT	
4184225	4184226	IS_AST_PARENT	
4184225	4184229	IS_AST_PARENT	
4184224	4184225	IS_AST_PARENT	
4184077	4184224	IS_AST_PARENT	
4184232	4184233	IS_AST_PARENT	
4184232	4184234	IS_AST_PARENT	
4184231	4184232	IS_AST_PARENT	
4184231	4184235	IS_AST_PARENT	
4184230	4184231	IS_AST_PARENT	
4184077	4184230	IS_AST_PARENT	
4184238	4184239	IS_AST_PARENT	
4184238	4184240	IS_AST_PARENT	
4184237	4184238	IS_AST_PARENT	
4184237	4184241	IS_AST_PARENT	
4184236	4184237	IS_AST_PARENT	
4184077	4184236	IS_AST_PARENT	
4184244	4184245	IS_AST_PARENT	
4184244	4184246	IS_AST_PARENT	
4184243	4184244	IS_AST_PARENT	
4184242	4184243	IS_AST_PARENT	
4184249	4184250	IS_AST_PARENT	
4184248	4184249	IS_AST_PARENT	
4184252	4184253	IS_AST_PARENT	
4184251	4184252	IS_AST_PARENT	
4184254	4184255	IS_AST_PARENT	
4184251	4184254	IS_AST_PARENT	
4184256	4184257	IS_AST_PARENT	
4184251	4184256	IS_AST_PARENT	
4184248	4184251	IS_AST_PARENT	
4184247	4184248	IS_AST_PARENT	
4184242	4184247	IS_AST_PARENT	
4184077	4184242	IS_AST_PARENT	
4184261	4184262	IS_AST_PARENT	
4184260	4184261	IS_AST_PARENT	
4184264	4184265	IS_AST_PARENT	
4184263	4184264	IS_AST_PARENT	
4184260	4184263	IS_AST_PARENT	
4184259	4184260	IS_AST_PARENT	
4184258	4184259	IS_AST_PARENT	
4184269	4184270	IS_AST_PARENT	
4184268	4184269	IS_AST_PARENT	
4184272	4184273	IS_AST_PARENT	
4184271	4184272	IS_AST_PARENT	
4184268	4184271	IS_AST_PARENT	
4184267	4184268	IS_AST_PARENT	
4184266	4184267	IS_AST_PARENT	
4184276	4184277	IS_AST_PARENT	
4184275	4184276	IS_AST_PARENT	
4184279	4184280	IS_AST_PARENT	
4184278	4184279	IS_AST_PARENT	
4184281	4184282	IS_AST_PARENT	
4184278	4184281	IS_AST_PARENT	
4184275	4184278	IS_AST_PARENT	
4184274	4184275	IS_AST_PARENT	
4184266	4184274	IS_AST_PARENT	
4184258	4184266	IS_AST_PARENT	
4184077	4184258	IS_AST_PARENT	
4184284	4184285	IS_AST_PARENT	
4184287	4184288	IS_AST_PARENT	
4184287	4184289	IS_AST_PARENT	
4184286	4184287	IS_AST_PARENT	
4184286	4184290	IS_AST_PARENT	
4184284	4184286	IS_AST_PARENT	
4184283	4184284	IS_AST_PARENT	
4184077	4184283	IS_AST_PARENT	
4184292	4184293	IS_AST_PARENT	
4184294	4184295	IS_AST_PARENT	
4184294	4184296	IS_AST_PARENT	
4184292	4184294	IS_AST_PARENT	
4184291	4184292	IS_AST_PARENT	
4184077	4184291	IS_AST_PARENT	
4184298	4184299	IS_AST_PARENT	
4184298	4184300	IS_AST_PARENT	
4184297	4184298	IS_AST_PARENT	
4184077	4184297	IS_AST_PARENT	
4184302	4184303	IS_AST_PARENT	
4184305	4184306	IS_AST_PARENT	
4184305	4184307	IS_AST_PARENT	
4184304	4184305	IS_AST_PARENT	
4184304	4184308	IS_AST_PARENT	
4184302	4184304	IS_AST_PARENT	
4184301	4184302	IS_AST_PARENT	
4184077	4184301	IS_AST_PARENT	
4184311	4184312	IS_AST_PARENT	
4184311	4184313	IS_AST_PARENT	
4184310	4184311	IS_AST_PARENT	
4184309	4184310	IS_AST_PARENT	
4184315	4184316	IS_AST_PARENT	
4184315	4184317	IS_AST_PARENT	
4184314	4184315	IS_AST_PARENT	
4184309	4184314	IS_AST_PARENT	
4184077	4184309	IS_AST_PARENT	
4184320	4184321	IS_AST_PARENT	
4184319	4184320	IS_AST_PARENT	
4184319	4184322	IS_AST_PARENT	
4184318	4184319	IS_AST_PARENT	
4184077	4184318	IS_AST_PARENT	
4184328	4184329	IS_AST_PARENT	
4184327	4184328	IS_AST_PARENT	
4184331	4184332	IS_AST_PARENT	
4184330	4184331	IS_AST_PARENT	
4184327	4184330	IS_AST_PARENT	
4184326	4184327	IS_AST_PARENT	
4184325	4184326	IS_AST_PARENT	
4184336	4184337	IS_AST_PARENT	
4184335	4184336	IS_AST_PARENT	
4184340	4184341	IS_AST_PARENT	
4184340	4184342	IS_AST_PARENT	
4184339	4184340	IS_AST_PARENT	
4184338	4184339	IS_AST_PARENT	
4184344	4184345	IS_AST_PARENT	
4184344	4184346	IS_AST_PARENT	
4184343	4184344	IS_AST_PARENT	
4184338	4184343	IS_AST_PARENT	
4184335	4184338	IS_AST_PARENT	
4184334	4184335	IS_AST_PARENT	
4184333	4184334	IS_AST_PARENT	
4184349	4184350	IS_AST_PARENT	
4184348	4184349	IS_AST_PARENT	
4184348	4184351	IS_AST_PARENT	
4184347	4184348	IS_AST_PARENT	
4184333	4184347	IS_AST_PARENT	
4184325	4184333	IS_AST_PARENT	
4184324	4184325	IS_AST_PARENT	
4184354	4184355	IS_AST_PARENT	
4184353	4184354	IS_AST_PARENT	
4184357	4184358	IS_AST_PARENT	
4184356	4184357	IS_AST_PARENT	
4184359	4184360	IS_AST_PARENT	
4184356	4184359	IS_AST_PARENT	
4184353	4184356	IS_AST_PARENT	
4184352	4184353	IS_AST_PARENT	
4184324	4184352	IS_AST_PARENT	
4184362	4184363	IS_AST_PARENT	
4184361	4184362	IS_AST_PARENT	
4184366	4184367	IS_AST_PARENT	
4184369	4184370	IS_AST_PARENT	
4184369	4184371	IS_AST_PARENT	
4184368	4184369	IS_AST_PARENT	
4184372	4184373	IS_AST_PARENT	
4184372	4184374	IS_AST_PARENT	
4184368	4184372	IS_AST_PARENT	
4184366	4184368	IS_AST_PARENT	
4184365	4184366	IS_AST_PARENT	
4184364	4184365	IS_AST_PARENT	
4184377	4184378	IS_AST_PARENT	
4184377	4184379	IS_AST_PARENT	
4184376	4184377	IS_AST_PARENT	
4184375	4184376	IS_AST_PARENT	
4184382	4184383	IS_AST_PARENT	
4184382	4184384	IS_AST_PARENT	
4184381	4184382	IS_AST_PARENT	
4184380	4184381	IS_AST_PARENT	
4184387	4184388	IS_AST_PARENT	
4184387	4184389	IS_AST_PARENT	
4184386	4184387	IS_AST_PARENT	
4184385	4184386	IS_AST_PARENT	
4184393	4184394	IS_AST_PARENT	
4184393	4184395	IS_AST_PARENT	
4184392	4184393	IS_AST_PARENT	
4184396	4184397	IS_AST_PARENT	
4184396	4184398	IS_AST_PARENT	
4184392	4184396	IS_AST_PARENT	
4184391	4184392	IS_AST_PARENT	
4184391	4184399	IS_AST_PARENT	
4184390	4184391	IS_AST_PARENT	
4184385	4184390	IS_AST_PARENT	
4184380	4184385	IS_AST_PARENT	
4184375	4184380	IS_AST_PARENT	
4184364	4184375	IS_AST_PARENT	
4184403	4184404	IS_AST_PARENT	
4184403	4184405	IS_AST_PARENT	
4184402	4184403	IS_AST_PARENT	
4184402	4184406	IS_AST_PARENT	
4184401	4184402	IS_AST_PARENT	
4184407	4184408	IS_AST_PARENT	
4184407	4184409	IS_AST_PARENT	
4184401	4184407	IS_AST_PARENT	
4184400	4184401	IS_AST_PARENT	
4184364	4184400	IS_AST_PARENT	
4184413	4184414	IS_AST_PARENT	
4184413	4184415	IS_AST_PARENT	
4184412	4184413	IS_AST_PARENT	
4184412	4184416	IS_AST_PARENT	
4184411	4184412	IS_AST_PARENT	
4184411	4184417	IS_AST_PARENT	
4184410	4184411	IS_AST_PARENT	
4184364	4184410	IS_AST_PARENT	
4184421	4184422	IS_AST_PARENT	
4184421	4184423	IS_AST_PARENT	
4184420	4184421	IS_AST_PARENT	
4184420	4184424	IS_AST_PARENT	
4184419	4184420	IS_AST_PARENT	
4184419	4184425	IS_AST_PARENT	
4184418	4184419	IS_AST_PARENT	
4184364	4184418	IS_AST_PARENT	
4184361	4184364	IS_AST_PARENT	
4184324	4184361	IS_AST_PARENT	
4184428	4184429	IS_AST_PARENT	
4184427	4184428	IS_AST_PARENT	
4184431	4184432	IS_AST_PARENT	
4184430	4184431	IS_AST_PARENT	
4184434	4184435	IS_AST_PARENT	
4184434	4184436	IS_AST_PARENT	
4184433	4184434	IS_AST_PARENT	
4184430	4184433	IS_AST_PARENT	
4184427	4184430	IS_AST_PARENT	
4184426	4184427	IS_AST_PARENT	
4184324	4184426	IS_AST_PARENT	
4184441	4184442	IS_AST_PARENT	
4184441	4184443	IS_AST_PARENT	
4184440	4184441	IS_AST_PARENT	
4184440	4184444	IS_AST_PARENT	
4184439	4184440	IS_AST_PARENT	
4184446	4184447	IS_AST_PARENT	
4184446	4184448	IS_AST_PARENT	
4184445	4184446	IS_AST_PARENT	
4184445	4184449	IS_AST_PARENT	
4184439	4184445	IS_AST_PARENT	
4184438	4184439	IS_AST_PARENT	
4184437	4184438	IS_AST_PARENT	
4184452	4184453	IS_AST_PARENT	
4184451	4184452	IS_AST_PARENT	
4184451	4184454	IS_AST_PARENT	
4184450	4184451	IS_AST_PARENT	
4184437	4184450	IS_AST_PARENT	
4184324	4184437	IS_AST_PARENT	
4184457	4184458	IS_AST_PARENT	
4184457	4184459	IS_AST_PARENT	
4184456	4184457	IS_AST_PARENT	
4184456	4184460	IS_AST_PARENT	
4184455	4184456	IS_AST_PARENT	
4184324	4184455	IS_AST_PARENT	
4184463	4184464	IS_AST_PARENT	
4184462	4184463	IS_AST_PARENT	
4184466	4184467	IS_AST_PARENT	
4184465	4184466	IS_AST_PARENT	
4184470	4184471	IS_AST_PARENT	
4184469	4184470	IS_AST_PARENT	
4184473	4184474	IS_AST_PARENT	
4184472	4184473	IS_AST_PARENT	
4184476	4184477	IS_AST_PARENT	
4184476	4184478	IS_AST_PARENT	
4184475	4184476	IS_AST_PARENT	
4184472	4184475	IS_AST_PARENT	
4184469	4184472	IS_AST_PARENT	
4184468	4184469	IS_AST_PARENT	
4184465	4184468	IS_AST_PARENT	
4184462	4184465	IS_AST_PARENT	
4184461	4184462	IS_AST_PARENT	
4184324	4184461	IS_AST_PARENT	
4184481	4184482	IS_AST_PARENT	
4184481	4184483	IS_AST_PARENT	
4184480	4184481	IS_AST_PARENT	
4184479	4184480	IS_AST_PARENT	
4184486	4184487	IS_AST_PARENT	
4184486	4184488	IS_AST_PARENT	
4184485	4184486	IS_AST_PARENT	
4184485	4184489	IS_AST_PARENT	
4184484	4184485	IS_AST_PARENT	
4184479	4184484	IS_AST_PARENT	
4184324	4184479	IS_AST_PARENT	
4184492	4184493	IS_AST_PARENT	
4184492	4184494	IS_AST_PARENT	
4184491	4184492	IS_AST_PARENT	
4184491	4184495	IS_AST_PARENT	
4184490	4184491	IS_AST_PARENT	
4184324	4184490	IS_AST_PARENT	
4184497	4184498	IS_AST_PARENT	
4184497	4184499	IS_AST_PARENT	
4184496	4184497	IS_AST_PARENT	
4184324	4184496	IS_AST_PARENT	
4184502	4184503	IS_AST_PARENT	
4184502	4184504	IS_AST_PARENT	
4184501	4184502	IS_AST_PARENT	
4184500	4184501	IS_AST_PARENT	
4184508	4184509	IS_AST_PARENT	
4184508	4184510	IS_AST_PARENT	
4184507	4184508	IS_AST_PARENT	
4184507	4184511	IS_AST_PARENT	
4184506	4184507	IS_AST_PARENT	
4184505	4184506	IS_AST_PARENT	
4184514	4184515	IS_AST_PARENT	
4184516	4184517	IS_AST_PARENT	
4184516	4184518	IS_AST_PARENT	
4184514	4184516	IS_AST_PARENT	
4184513	4184514	IS_AST_PARENT	
4184512	4184513	IS_AST_PARENT	
4184523	4184524	IS_AST_PARENT	
4184523	4184525	IS_AST_PARENT	
4184522	4184523	IS_AST_PARENT	
4184522	4184526	IS_AST_PARENT	
4184521	4184522	IS_AST_PARENT	
4184520	4184521	IS_AST_PARENT	
4184529	4184530	IS_AST_PARENT	
4184528	4184529	IS_AST_PARENT	
4184532	4184533	IS_AST_PARENT	
4184531	4184532	IS_AST_PARENT	
4184528	4184531	IS_AST_PARENT	
4184527	4184528	IS_AST_PARENT	
4184520	4184527	IS_AST_PARENT	
4184519	4184520	IS_AST_PARENT	
4184537	4184538	IS_AST_PARENT	
4184537	4184539	IS_AST_PARENT	
4184536	4184537	IS_AST_PARENT	
4184536	4184540	IS_AST_PARENT	
4184535	4184536	IS_AST_PARENT	
4184534	4184535	IS_AST_PARENT	
4184543	4184544	IS_AST_PARENT	
4184542	4184543	IS_AST_PARENT	
4184546	4184547	IS_AST_PARENT	
4184545	4184546	IS_AST_PARENT	
4184542	4184545	IS_AST_PARENT	
4184541	4184542	IS_AST_PARENT	
4184534	4184541	IS_AST_PARENT	
4184519	4184534	IS_AST_PARENT	
4184551	4184552	IS_AST_PARENT	
4184551	4184553	IS_AST_PARENT	
4184550	4184551	IS_AST_PARENT	
4184550	4184554	IS_AST_PARENT	
4184549	4184550	IS_AST_PARENT	
4184548	4184549	IS_AST_PARENT	
4184557	4184558	IS_AST_PARENT	
4184556	4184557	IS_AST_PARENT	
4184560	4184561	IS_AST_PARENT	
4184559	4184560	IS_AST_PARENT	
4184556	4184559	IS_AST_PARENT	
4184555	4184556	IS_AST_PARENT	
4184548	4184555	IS_AST_PARENT	
4184519	4184548	IS_AST_PARENT	
4184564	4184565	IS_AST_PARENT	
4184564	4184566	IS_AST_PARENT	
4184563	4184564	IS_AST_PARENT	
4184563	4184567	IS_AST_PARENT	
4184562	4184563	IS_AST_PARENT	
4184519	4184562	IS_AST_PARENT	
4184571	4184572	IS_AST_PARENT	
4184571	4184573	IS_AST_PARENT	
4184570	4184571	IS_AST_PARENT	
4184570	4184574	IS_AST_PARENT	
4184569	4184570	IS_AST_PARENT	
4184568	4184569	IS_AST_PARENT	
4184578	4184579	IS_AST_PARENT	
4184577	4184578	IS_AST_PARENT	
4184581	4184582	IS_AST_PARENT	
4184580	4184581	IS_AST_PARENT	
4184583	4184584	IS_AST_PARENT	
4184580	4184583	IS_AST_PARENT	
4184587	4184588	IS_AST_PARENT	
4184586	4184587	IS_AST_PARENT	
4184591	4184592	IS_AST_PARENT	
4184591	4184593	IS_AST_PARENT	
4184590	4184591	IS_AST_PARENT	
4184589	4184590	IS_AST_PARENT	
4184586	4184589	IS_AST_PARENT	
4184585	4184586	IS_AST_PARENT	
4184580	4184585	IS_AST_PARENT	
4184577	4184580	IS_AST_PARENT	
4184576	4184577	IS_AST_PARENT	
4184575	4184576	IS_AST_PARENT	
4184596	4184597	IS_AST_PARENT	
4184596	4184598	IS_AST_PARENT	
4184595	4184596	IS_AST_PARENT	
4184595	4184599	IS_AST_PARENT	
4184594	4184595	IS_AST_PARENT	
4184575	4184594	IS_AST_PARENT	
4184568	4184575	IS_AST_PARENT	
4184604	4184605	IS_AST_PARENT	
4184604	4184606	IS_AST_PARENT	
4184603	4184604	IS_AST_PARENT	
4184603	4184607	IS_AST_PARENT	
4184602	4184603	IS_AST_PARENT	
4184601	4184602	IS_AST_PARENT	
4184611	4184612	IS_AST_PARENT	
4184610	4184611	IS_AST_PARENT	
4184614	4184615	IS_AST_PARENT	
4184613	4184614	IS_AST_PARENT	
4184610	4184613	IS_AST_PARENT	
4184609	4184610	IS_AST_PARENT	
4184608	4184609	IS_AST_PARENT	
4184618	4184619	IS_AST_PARENT	
4184617	4184618	IS_AST_PARENT	
4184621	4184622	IS_AST_PARENT	
4184620	4184621	IS_AST_PARENT	
4184623	4184624	IS_AST_PARENT	
4184620	4184623	IS_AST_PARENT	
4184626	4184627	IS_AST_PARENT	
4184626	4184628	IS_AST_PARENT	
4184625	4184626	IS_AST_PARENT	
4184620	4184625	IS_AST_PARENT	
4184617	4184620	IS_AST_PARENT	
4184616	4184617	IS_AST_PARENT	
4184608	4184616	IS_AST_PARENT	
4184631	4184632	IS_AST_PARENT	
4184631	4184633	IS_AST_PARENT	
4184630	4184631	IS_AST_PARENT	
4184630	4184634	IS_AST_PARENT	
4184629	4184630	IS_AST_PARENT	
4184608	4184629	IS_AST_PARENT	
4184601	4184608	IS_AST_PARENT	
4184639	4184640	IS_AST_PARENT	
4184639	4184641	IS_AST_PARENT	
4184638	4184639	IS_AST_PARENT	
4184638	4184642	IS_AST_PARENT	
4184637	4184638	IS_AST_PARENT	
4184636	4184637	IS_AST_PARENT	
4184645	4184646	IS_AST_PARENT	
4184645	4184647	IS_AST_PARENT	
4184644	4184645	IS_AST_PARENT	
4184643	4184644	IS_AST_PARENT	
4184650	4184651	IS_AST_PARENT	
4184649	4184650	IS_AST_PARENT	
4184653	4184654	IS_AST_PARENT	
4184652	4184653	IS_AST_PARENT	
4184649	4184652	IS_AST_PARENT	
4184648	4184649	IS_AST_PARENT	
4184643	4184648	IS_AST_PARENT	
4184656	4184657	IS_AST_PARENT	
4184659	4184660	IS_AST_PARENT	
4184658	4184659	IS_AST_PARENT	
4184658	4184661	IS_AST_PARENT	
4184656	4184658	IS_AST_PARENT	
4184655	4184656	IS_AST_PARENT	
4184643	4184655	IS_AST_PARENT	
4184664	4184665	IS_AST_PARENT	
4184663	4184664	IS_AST_PARENT	
4184667	4184668	IS_AST_PARENT	
4184666	4184667	IS_AST_PARENT	
4184669	4184670	IS_AST_PARENT	
4184666	4184669	IS_AST_PARENT	
4184671	4184672	IS_AST_PARENT	
4184666	4184671	IS_AST_PARENT	
4184673	4184674	IS_AST_PARENT	
4184666	4184673	IS_AST_PARENT	
4184663	4184666	IS_AST_PARENT	
4184662	4184663	IS_AST_PARENT	
4184643	4184662	IS_AST_PARENT	
4184677	4184678	IS_AST_PARENT	
4184676	4184677	IS_AST_PARENT	
4184680	4184681	IS_AST_PARENT	
4184679	4184680	IS_AST_PARENT	
4184682	4184683	IS_AST_PARENT	
4184679	4184682	IS_AST_PARENT	
4184685	4184686	IS_AST_PARENT	
4184685	4184687	IS_AST_PARENT	
4184684	4184685	IS_AST_PARENT	
4184679	4184684	IS_AST_PARENT	
4184676	4184679	IS_AST_PARENT	
4184675	4184676	IS_AST_PARENT	
4184643	4184675	IS_AST_PARENT	
4184690	4184691	IS_AST_PARENT	
4184689	4184690	IS_AST_PARENT	
4184693	4184694	IS_AST_PARENT	
4184692	4184693	IS_AST_PARENT	
4184689	4184692	IS_AST_PARENT	
4184688	4184689	IS_AST_PARENT	
4184643	4184688	IS_AST_PARENT	
4184697	4184698	IS_AST_PARENT	
4184696	4184697	IS_AST_PARENT	
4184700	4184701	IS_AST_PARENT	
4184699	4184700	IS_AST_PARENT	
4184702	4184703	IS_AST_PARENT	
4184699	4184702	IS_AST_PARENT	
4184705	4184706	IS_AST_PARENT	
4184705	4184707	IS_AST_PARENT	
4184704	4184705	IS_AST_PARENT	
4184699	4184704	IS_AST_PARENT	
4184696	4184699	IS_AST_PARENT	
4184695	4184696	IS_AST_PARENT	
4184643	4184695	IS_AST_PARENT	
4184710	4184711	IS_AST_PARENT	
4184710	4184712	IS_AST_PARENT	
4184709	4184710	IS_AST_PARENT	
4184709	4184713	IS_AST_PARENT	
4184708	4184709	IS_AST_PARENT	
4184643	4184708	IS_AST_PARENT	
4184636	4184643	IS_AST_PARENT	
4184635	4184636	IS_AST_PARENT	
4184601	4184635	IS_AST_PARENT	
4184600	4184601	IS_AST_PARENT	
4184568	4184600	IS_AST_PARENT	
4184519	4184568	IS_AST_PARENT	
4184519	4184714	IS_AST_PARENT	
4184512	4184519	IS_AST_PARENT	
4184505	4184512	IS_AST_PARENT	
4184500	4184505	IS_AST_PARENT	
4184324	4184500	IS_AST_PARENT	
4184717	4184718	IS_AST_PARENT	
4184717	4184719	IS_AST_PARENT	
4184716	4184717	IS_AST_PARENT	
4184715	4184716	IS_AST_PARENT	
4184715	4184720	IS_AST_PARENT	
4184324	4184715	IS_AST_PARENT	
4184323	4184324	IS_AST_PARENT	
4184723	4184724	IS_AST_PARENT	
4184725	4184726	IS_AST_PARENT	
4184725	4184727	IS_AST_PARENT	
4184723	4184725	IS_AST_PARENT	
4184722	4184723	IS_AST_PARENT	
4184729	4184730	IS_AST_PARENT	
4184731	4184732	IS_AST_PARENT	
4184731	4184733	IS_AST_PARENT	
4184729	4184731	IS_AST_PARENT	
4184728	4184729	IS_AST_PARENT	
4184736	4184737	IS_AST_PARENT	
4184736	4184738	IS_AST_PARENT	
4184735	4184736	IS_AST_PARENT	
4184735	4184739	IS_AST_PARENT	
4184734	4184735	IS_AST_PARENT	
4184741	4184742	IS_AST_PARENT	
4184741	4184743	IS_AST_PARENT	
4184740	4184741	IS_AST_PARENT	
4184746	4184747	IS_AST_PARENT	
4184746	4184748	IS_AST_PARENT	
4184745	4184746	IS_AST_PARENT	
4184745	4184749	IS_AST_PARENT	
4184744	4184745	IS_AST_PARENT	
4184750	4184751	IS_AST_PARENT	
4184750	4184752	IS_AST_PARENT	
4184744	4184750	IS_AST_PARENT	
4184740	4184744	IS_AST_PARENT	
4184734	4184740	IS_AST_PARENT	
4184728	4184734	IS_AST_PARENT	
4184722	4184728	IS_AST_PARENT	
4184721	4184722	IS_AST_PARENT	
4184323	4184721	IS_AST_PARENT	
4184077	4184323	IS_AST_PARENT	
4184754	4184755	IS_AST_PARENT	
4184756	4184757	IS_AST_PARENT	
4184756	4184758	IS_AST_PARENT	
4184754	4184756	IS_AST_PARENT	
4184753	4184754	IS_AST_PARENT	
4184077	4184753	IS_AST_PARENT	
4184763	4184764	IS_AST_PARENT	
4184763	4184765	IS_AST_PARENT	
4184762	4184763	IS_AST_PARENT	
4184762	4184766	IS_AST_PARENT	
4184761	4184762	IS_AST_PARENT	
4184768	4184769	IS_AST_PARENT	
4184768	4184770	IS_AST_PARENT	
4184767	4184768	IS_AST_PARENT	
4184767	4184771	IS_AST_PARENT	
4184761	4184767	IS_AST_PARENT	
4184760	4184761	IS_AST_PARENT	
4184759	4184760	IS_AST_PARENT	
4184776	4184777	IS_AST_PARENT	
4184776	4184778	IS_AST_PARENT	
4184775	4184776	IS_AST_PARENT	
4184775	4184779	IS_AST_PARENT	
4184774	4184775	IS_AST_PARENT	
4184773	4184774	IS_AST_PARENT	
4184783	4184784	IS_AST_PARENT	
4184783	4184785	IS_AST_PARENT	
4184782	4184783	IS_AST_PARENT	
4184782	4184786	IS_AST_PARENT	
4184781	4184782	IS_AST_PARENT	
4184780	4184781	IS_AST_PARENT	
4184789	4184790	IS_AST_PARENT	
4184788	4184789	IS_AST_PARENT	
4184793	4184794	IS_AST_PARENT	
4184793	4184795	IS_AST_PARENT	
4184792	4184793	IS_AST_PARENT	
4184791	4184792	IS_AST_PARENT	
4184796	4184797	IS_AST_PARENT	
4184791	4184796	IS_AST_PARENT	
4184788	4184791	IS_AST_PARENT	
4184787	4184788	IS_AST_PARENT	
4184780	4184787	IS_AST_PARENT	
4184800	4184801	IS_AST_PARENT	
4184799	4184800	IS_AST_PARENT	
4184803	4184804	IS_AST_PARENT	
4184802	4184803	IS_AST_PARENT	
4184799	4184802	IS_AST_PARENT	
4184798	4184799	IS_AST_PARENT	
4184780	4184798	IS_AST_PARENT	
4184773	4184780	IS_AST_PARENT	
4184807	4184808	IS_AST_PARENT	
4184809	4184810	IS_AST_PARENT	
4184809	4184811	IS_AST_PARENT	
4184807	4184809	IS_AST_PARENT	
4184806	4184807	IS_AST_PARENT	
4184805	4184806	IS_AST_PARENT	
4184773	4184805	IS_AST_PARENT	
4184772	4184773	IS_AST_PARENT	
4184759	4184772	IS_AST_PARENT	
4184077	4184759	IS_AST_PARENT	
4184815	4184816	IS_AST_PARENT	
4184815	4184817	IS_AST_PARENT	
4184814	4184815	IS_AST_PARENT	
4184814	4184818	IS_AST_PARENT	
4184813	4184814	IS_AST_PARENT	
4184812	4184813	IS_AST_PARENT	
4184821	4184822	IS_AST_PARENT	
4184820	4184821	IS_AST_PARENT	
4184820	4184823	IS_AST_PARENT	
4184819	4184820	IS_AST_PARENT	
4184812	4184819	IS_AST_PARENT	
4184077	4184812	IS_AST_PARENT	
4184828	4184829	IS_AST_PARENT	
4184828	4184830	IS_AST_PARENT	
4184827	4184828	IS_AST_PARENT	
4184827	4184831	IS_AST_PARENT	
4184826	4184827	IS_AST_PARENT	
4184833	4184834	IS_AST_PARENT	
4184833	4184835	IS_AST_PARENT	
4184832	4184833	IS_AST_PARENT	
4184836	4184837	IS_AST_PARENT	
4184838	4184839	IS_AST_PARENT	
4184838	4184840	IS_AST_PARENT	
4184836	4184838	IS_AST_PARENT	
4184832	4184836	IS_AST_PARENT	
4184826	4184832	IS_AST_PARENT	
4184825	4184826	IS_AST_PARENT	
4184824	4184825	IS_AST_PARENT	
4184844	4184845	IS_AST_PARENT	
4184844	4184846	IS_AST_PARENT	
4184843	4184844	IS_AST_PARENT	
4184843	4184847	IS_AST_PARENT	
4184842	4184843	IS_AST_PARENT	
4184841	4184842	IS_AST_PARENT	
4184850	4184851	IS_AST_PARENT	
4184849	4184850	IS_AST_PARENT	
4184854	4184855	IS_AST_PARENT	
4184854	4184856	IS_AST_PARENT	
4184853	4184854	IS_AST_PARENT	
4184852	4184853	IS_AST_PARENT	
4184857	4184858	IS_AST_PARENT	
4184852	4184857	IS_AST_PARENT	
4184849	4184852	IS_AST_PARENT	
4184848	4184849	IS_AST_PARENT	
4184841	4184848	IS_AST_PARENT	
4184824	4184841	IS_AST_PARENT	
4184077	4184824	IS_AST_PARENT	
4184861	4184862	IS_AST_PARENT	
4184860	4184861	IS_AST_PARENT	
4184864	4184865	IS_AST_PARENT	
4184863	4184864	IS_AST_PARENT	
4184860	4184863	IS_AST_PARENT	
4184859	4184860	IS_AST_PARENT	
4184077	4184859	IS_AST_PARENT	
4184869	4184870	IS_AST_PARENT	
4184868	4184869	IS_AST_PARENT	
4184873	4184874	IS_AST_PARENT	
4184873	4184875	IS_AST_PARENT	
4184872	4184873	IS_AST_PARENT	
4184871	4184872	IS_AST_PARENT	
4184868	4184871	IS_AST_PARENT	
4184867	4184868	IS_AST_PARENT	
4184866	4184867	IS_AST_PARENT	
4184878	4184879	IS_AST_PARENT	
4184878	4184880	IS_AST_PARENT	
4184881	4184882	IS_AST_PARENT	
4184884	4184885	IS_AST_PARENT	
4184883	4184884	IS_AST_PARENT	
4184887	4184888	IS_AST_PARENT	
4184886	4184887	IS_AST_PARENT	
4184883	4184886	IS_AST_PARENT	
4184881	4184883	IS_AST_PARENT	
4184878	4184881	IS_AST_PARENT	
4184877	4184878	IS_AST_PARENT	
4184876	4184877	IS_AST_PARENT	
4184892	4184893	IS_AST_PARENT	
4184892	4184894	IS_AST_PARENT	
4184891	4184892	IS_AST_PARENT	
4184891	4184895	IS_AST_PARENT	
4184890	4184891	IS_AST_PARENT	
4184889	4184890	IS_AST_PARENT	
4184899	4184900	IS_AST_PARENT	
4184898	4184899	IS_AST_PARENT	
4184903	4184904	IS_AST_PARENT	
4184903	4184905	IS_AST_PARENT	
4184902	4184903	IS_AST_PARENT	
4184901	4184902	IS_AST_PARENT	
4184906	4184907	IS_AST_PARENT	
4184901	4184906	IS_AST_PARENT	
4184898	4184901	IS_AST_PARENT	
4184897	4184898	IS_AST_PARENT	
4184896	4184897	IS_AST_PARENT	
4184889	4184896	IS_AST_PARENT	
4184876	4184889	IS_AST_PARENT	
4184910	4184911	IS_AST_PARENT	
4184909	4184910	IS_AST_PARENT	
4184913	4184914	IS_AST_PARENT	
4184912	4184913	IS_AST_PARENT	
4184915	4184916	IS_AST_PARENT	
4184912	4184915	IS_AST_PARENT	
4184909	4184912	IS_AST_PARENT	
4184908	4184909	IS_AST_PARENT	
4184876	4184908	IS_AST_PARENT	
4184919	4184920	IS_AST_PARENT	
4184918	4184919	IS_AST_PARENT	
4184922	4184923	IS_AST_PARENT	
4184921	4184922	IS_AST_PARENT	
4184918	4184921	IS_AST_PARENT	
4184917	4184918	IS_AST_PARENT	
4184876	4184917	IS_AST_PARENT	
4184866	4184876	IS_AST_PARENT	
4184928	4184929	IS_AST_PARENT	
4184928	4184930	IS_AST_PARENT	
4184927	4184928	IS_AST_PARENT	
4184926	4184927	IS_AST_PARENT	
4184932	4184933	IS_AST_PARENT	
4184931	4184932	IS_AST_PARENT	
4184936	4184937	IS_AST_PARENT	
4184935	4184936	IS_AST_PARENT	
4184939	4184940	IS_AST_PARENT	
4184938	4184939	IS_AST_PARENT	
4184941	4184942	IS_AST_PARENT	
4184938	4184941	IS_AST_PARENT	
4184943	4184944	IS_AST_PARENT	
4184938	4184943	IS_AST_PARENT	
4184935	4184938	IS_AST_PARENT	
4184934	4184935	IS_AST_PARENT	
4184931	4184934	IS_AST_PARENT	
4184931	4184945	IS_AST_PARENT	
4184946	4184947	IS_AST_PARENT	
4184931	4184946	IS_AST_PARENT	
4184948	4184949	IS_AST_PARENT	
4184931	4184948	IS_AST_PARENT	
4184950	4184951	IS_AST_PARENT	
4184931	4184950	IS_AST_PARENT	
4184954	4184955	IS_AST_PARENT	
4184953	4184954	IS_AST_PARENT	
4184957	4184958	IS_AST_PARENT	
4184956	4184957	IS_AST_PARENT	
4184953	4184956	IS_AST_PARENT	
4184952	4184953	IS_AST_PARENT	
4184931	4184952	IS_AST_PARENT	
4184931	4184959	IS_AST_PARENT	
4184960	4184961	IS_AST_PARENT	
4184931	4184960	IS_AST_PARENT	
4184931	4184962	IS_AST_PARENT	
4184926	4184931	IS_AST_PARENT	
4184925	4184926	IS_AST_PARENT	
4184924	4184925	IS_AST_PARENT	
4184866	4184924	IS_AST_PARENT	
4184077	4184866	IS_AST_PARENT	
4184965	4184966	IS_AST_PARENT	
4184964	4184965	IS_AST_PARENT	
4184968	4184969	IS_AST_PARENT	
4184967	4184968	IS_AST_PARENT	
4184970	4184971	IS_AST_PARENT	
4184967	4184970	IS_AST_PARENT	
4184964	4184967	IS_AST_PARENT	
4184963	4184964	IS_AST_PARENT	
4184077	4184963	IS_AST_PARENT	
4184974	4184975	IS_AST_PARENT	
4184976	4184977	IS_AST_PARENT	
4184976	4184978	IS_AST_PARENT	
4184974	4184976	IS_AST_PARENT	
4184973	4184974	IS_AST_PARENT	
4184973	4184979	IS_AST_PARENT	
4184972	4184973	IS_AST_PARENT	
4184077	4184972	IS_AST_PARENT	
4184981	4184982	IS_AST_PARENT	
4184980	4184981	IS_AST_PARENT	
4184985	4184986	IS_AST_PARENT	
4184988	4184989	IS_AST_PARENT	
4184988	4184990	IS_AST_PARENT	
4184987	4184988	IS_AST_PARENT	
4184991	4184992	IS_AST_PARENT	
4184991	4184993	IS_AST_PARENT	
4184987	4184991	IS_AST_PARENT	
4184985	4184987	IS_AST_PARENT	
4184984	4184985	IS_AST_PARENT	
4184983	4184984	IS_AST_PARENT	
4184995	4184996	IS_AST_PARENT	
4184995	4184997	IS_AST_PARENT	
4184994	4184995	IS_AST_PARENT	
4184983	4184994	IS_AST_PARENT	
4185000	4185001	IS_AST_PARENT	
4185000	4185002	IS_AST_PARENT	
4184999	4185000	IS_AST_PARENT	
4184998	4184999	IS_AST_PARENT	
4185006	4185007	IS_AST_PARENT	
4185006	4185008	IS_AST_PARENT	
4185005	4185006	IS_AST_PARENT	
4185009	4185010	IS_AST_PARENT	
4185009	4185011	IS_AST_PARENT	
4185005	4185009	IS_AST_PARENT	
4185004	4185005	IS_AST_PARENT	
4185004	4185012	IS_AST_PARENT	
4185003	4185004	IS_AST_PARENT	
4184998	4185003	IS_AST_PARENT	
4184983	4184998	IS_AST_PARENT	
4184980	4184983	IS_AST_PARENT	
4185017	4185018	IS_AST_PARENT	
4185017	4185019	IS_AST_PARENT	
4185016	4185017	IS_AST_PARENT	
4185021	4185022	IS_AST_PARENT	
4185021	4185023	IS_AST_PARENT	
4185020	4185021	IS_AST_PARENT	
4185020	4185024	IS_AST_PARENT	
4185016	4185020	IS_AST_PARENT	
4185015	4185016	IS_AST_PARENT	
4185014	4185015	IS_AST_PARENT	
4185027	4185028	IS_AST_PARENT	
4185027	4185029	IS_AST_PARENT	
4185026	4185027	IS_AST_PARENT	
4185026	4185030	IS_AST_PARENT	
4185025	4185026	IS_AST_PARENT	
4185014	4185025	IS_AST_PARENT	
4185013	4185014	IS_AST_PARENT	
4184980	4185013	IS_AST_PARENT	
4184077	4184980	IS_AST_PARENT	
4185034	4185035	IS_AST_PARENT	
4185033	4185034	IS_AST_PARENT	
4185037	4185038	IS_AST_PARENT	
4185036	4185037	IS_AST_PARENT	
4185033	4185036	IS_AST_PARENT	
4185032	4185033	IS_AST_PARENT	
4185031	4185032	IS_AST_PARENT	
4185042	4185043	IS_AST_PARENT	
4185041	4185042	IS_AST_PARENT	
4185045	4185046	IS_AST_PARENT	
4185044	4185045	IS_AST_PARENT	
4185041	4185044	IS_AST_PARENT	
4185040	4185041	IS_AST_PARENT	
4185039	4185040	IS_AST_PARENT	
4185049	4185050	IS_AST_PARENT	
4185048	4185049	IS_AST_PARENT	
4185052	4185053	IS_AST_PARENT	
4185051	4185052	IS_AST_PARENT	
4185054	4185055	IS_AST_PARENT	
4185051	4185054	IS_AST_PARENT	
4185058	4185059	IS_AST_PARENT	
4185058	4185060	IS_AST_PARENT	
4185057	4185058	IS_AST_PARENT	
4185057	4185061	IS_AST_PARENT	
4185056	4185057	IS_AST_PARENT	
4185051	4185056	IS_AST_PARENT	
4185062	4185063	IS_AST_PARENT	
4185051	4185062	IS_AST_PARENT	
4185048	4185051	IS_AST_PARENT	
4185047	4185048	IS_AST_PARENT	
4185039	4185047	IS_AST_PARENT	
4185066	4185067	IS_AST_PARENT	
4185065	4185066	IS_AST_PARENT	
4185069	4185070	IS_AST_PARENT	
4185068	4185069	IS_AST_PARENT	
4185073	4185074	IS_AST_PARENT	
4185073	4185075	IS_AST_PARENT	
4185072	4185073	IS_AST_PARENT	
4185072	4185076	IS_AST_PARENT	
4185071	4185072	IS_AST_PARENT	
4185068	4185071	IS_AST_PARENT	
4185079	4185080	IS_AST_PARENT	
4185079	4185081	IS_AST_PARENT	
4185078	4185079	IS_AST_PARENT	
4185082	4185083	IS_AST_PARENT	
4185082	4185084	IS_AST_PARENT	
4185078	4185082	IS_AST_PARENT	
4185077	4185078	IS_AST_PARENT	
4185068	4185077	IS_AST_PARENT	
4185065	4185068	IS_AST_PARENT	
4185064	4185065	IS_AST_PARENT	
4185039	4185064	IS_AST_PARENT	
4185031	4185039	IS_AST_PARENT	
4184077	4185031	IS_AST_PARENT	
4185087	4185088	IS_AST_PARENT	
4185086	4185087	IS_AST_PARENT	
4185091	4185092	IS_AST_PARENT	
4185093	4185094	IS_AST_PARENT	
4185093	4185095	IS_AST_PARENT	
4185091	4185093	IS_AST_PARENT	
4185090	4185091	IS_AST_PARENT	
4185089	4185090	IS_AST_PARENT	
4185086	4185089	IS_AST_PARENT	
4185085	4185086	IS_AST_PARENT	
4184077	4185085	IS_AST_PARENT	
4184076	4184077	IS_AST_PARENT	
4184076	4185096	IS_AST_PARENT	
4185098	4185099	IS_AST_PARENT	
4185098	4185100	IS_AST_PARENT	
4185097	4185098	IS_AST_PARENT	
4185101	4185102	IS_AST_PARENT	
4185101	4185103	IS_AST_PARENT	
4185097	4185101	IS_AST_PARENT	
4185104	4185105	IS_AST_PARENT	
4185104	4185106	IS_AST_PARENT	
4185097	4185104	IS_AST_PARENT	
4184076	4185097	IS_AST_PARENT	
4185107	4185098	FLOWS_TO	
4185098	4185101	FLOWS_TO	
4185101	4185104	FLOWS_TO	
4185104	4184078	FLOWS_TO	
4184078	4184082	FLOWS_TO	
4184082	4184086	FLOWS_TO	
4184086	4184093	FLOWS_TO	
4184093	4184097	FLOWS_TO	
4184097	4184106	FLOWS_TO	
4184106	4184113	FLOWS_TO	
4184113	4184117	FLOWS_TO	
4184117	4184121	FLOWS_TO	
4184121	4184125	FLOWS_TO	
4184125	4184132	FLOWS_TO	
4184132	4184138	FLOWS_TO	
4184138	4184144	FLOWS_TO	
4184144	4184150	FLOWS_TO	
4184150	4184164	FLOWS_TO	
4184164	4184172	FLOWS_TO	
4184172	4184178	FLOWS_TO	
4184178	4184184	FLOWS_TO	
4184184	4184199	FLOWS_TO	
4184199	4184204	FLOWS_TO	
4184199	4184210	FLOWS_TO	
4184204	4184210	FLOWS_TO	
4184210	4184216	FLOWS_TO	
4184216	4184224	FLOWS_TO	
4184224	4184230	FLOWS_TO	
4184230	4184236	FLOWS_TO	
4184236	4184243	FLOWS_TO	
4184243	4184247	FLOWS_TO	
4184243	4184259	FLOWS_TO	
4184247	4184259	FLOWS_TO	
4184259	4184267	FLOWS_TO	
4184259	4184283	FLOWS_TO	
4184267	4184274	FLOWS_TO	
4184274	4184283	FLOWS_TO	
4184283	4184291	FLOWS_TO	
4184291	4184297	FLOWS_TO	
4184297	4184301	FLOWS_TO	
4184301	4184310	FLOWS_TO	
4184310	4184314	FLOWS_TO	
4184310	4184318	FLOWS_TO	
4184314	4184318	FLOWS_TO	
4184318	4184326	FLOWS_TO	
4184721	4184326	FLOWS_TO	
4184721	4184753	FLOWS_TO	
4184326	4184334	FLOWS_TO	
4184326	4184352	FLOWS_TO	
4184334	4184347	FLOWS_TO	
4184347	4184352	FLOWS_TO	
4184352	4184362	FLOWS_TO	
4184362	4184365	FLOWS_TO	
4184362	4184426	FLOWS_TO	
4184365	4184376	FLOWS_TO	
4184376	4184381	FLOWS_TO	
4184376	4184400	FLOWS_TO	
4184381	4184386	FLOWS_TO	
4184386	4184390	FLOWS_TO	
4184386	4184400	FLOWS_TO	
4184390	4184386	FLOWS_TO	
4184400	4184410	FLOWS_TO	
4184410	4184418	FLOWS_TO	
4184418	4184426	FLOWS_TO	
4184426	4184438	FLOWS_TO	
4184438	4184450	FLOWS_TO	
4184438	4184455	FLOWS_TO	
4184450	4184455	FLOWS_TO	
4184455	4184461	FLOWS_TO	
4184461	4184480	FLOWS_TO	
4184480	4184484	FLOWS_TO	
4184480	4184490	FLOWS_TO	
4184484	4184490	FLOWS_TO	
4184490	4184496	FLOWS_TO	
4184496	4184501	FLOWS_TO	
4184501	4184506	FLOWS_TO	
4184501	4184716	FLOWS_TO	
4184506	4184513	FLOWS_TO	
4184513	4184521	FLOWS_TO	
4184513	4184716	FLOWS_TO	
4184521	4184527	FLOWS_TO	
4184521	4184535	FLOWS_TO	
4184527	4184535	FLOWS_TO	
4184535	4184541	FLOWS_TO	
4184535	4184549	FLOWS_TO	
4184541	4184549	FLOWS_TO	
4184549	4184555	FLOWS_TO	
4184549	4184562	FLOWS_TO	
4184555	4184562	FLOWS_TO	
4184562	4184569	FLOWS_TO	
4184569	4184576	FLOWS_TO	
4184569	4184602	FLOWS_TO	
4184576	4184594	FLOWS_TO	
4184594	4184714	FLOWS_TO	
4184602	4184609	FLOWS_TO	
4184602	4184637	FLOWS_TO	
4184609	4184616	FLOWS_TO	
4184616	4184629	FLOWS_TO	
4184629	4184714	FLOWS_TO	
4184637	4184644	FLOWS_TO	
4184637	4184714	FLOWS_TO	
4184644	4184648	FLOWS_TO	
4184648	4184655	FLOWS_TO	
4184655	4184662	FLOWS_TO	
4184662	4184675	FLOWS_TO	
4184675	4184688	FLOWS_TO	
4184688	4184695	FLOWS_TO	
4184695	4184708	FLOWS_TO	
4184708	4184714	FLOWS_TO	
4184714	4184753	FLOWS_TO	
4184716	4184720	FLOWS_TO	
4184716	4184721	FLOWS_TO	
4184720	4184753	FLOWS_TO	
4184753	4184760	FLOWS_TO	
4184760	4184774	FLOWS_TO	
4184760	4184813	FLOWS_TO	
4184774	4184781	FLOWS_TO	
4184774	4184806	FLOWS_TO	
4184781	4184787	FLOWS_TO	
4184787	4184798	FLOWS_TO	
4184798	4184813	FLOWS_TO	
4184806	4184813	FLOWS_TO	
4184813	4184819	FLOWS_TO	
4184813	4184825	FLOWS_TO	
4184819	4184825	FLOWS_TO	
4184825	4184842	FLOWS_TO	
4184825	4184859	FLOWS_TO	
4184842	4184848	FLOWS_TO	
4184848	4184859	FLOWS_TO	
4184859	4184867	FLOWS_TO	
4184867	4184877	FLOWS_TO	
4184867	4184927	FLOWS_TO	
4184877	4184890	FLOWS_TO	
4184890	4184897	FLOWS_TO	
4184890	4184908	FLOWS_TO	
4184897	4184908	FLOWS_TO	
4184908	4184917	FLOWS_TO	
4184917	4184963	FLOWS_TO	
4184927	4184946	FLOWS_TO	
4184927	4184960	FLOWS_TO	
4184927	4184932	FLOWS_TO	
4184927	4184950	FLOWS_TO	
4184927	4184948	FLOWS_TO	
4184932	4184934	FLOWS_TO	
4184934	4184945	FLOWS_TO	
4184945	4184963	FLOWS_TO	
4184946	4184948	FLOWS_TO	
4184948	4184950	FLOWS_TO	
4184950	4184952	FLOWS_TO	
4184952	4184959	FLOWS_TO	
4184959	4184963	FLOWS_TO	
4184960	4184962	FLOWS_TO	
4184962	4184963	FLOWS_TO	
4184963	4184972	FLOWS_TO	
4184972	4184981	FLOWS_TO	
4184981	4184984	FLOWS_TO	
4184981	4185015	FLOWS_TO	
4184984	4184994	FLOWS_TO	
4184994	4184999	FLOWS_TO	
4184999	4185003	FLOWS_TO	
4184999	4185032	FLOWS_TO	
4185003	4184999	FLOWS_TO	
4185015	4185025	FLOWS_TO	
4185025	4185032	FLOWS_TO	
4185032	4185040	FLOWS_TO	
4185032	4185085	FLOWS_TO	
4185040	4185047	FLOWS_TO	
4185047	4185064	FLOWS_TO	
4185064	4185085	FLOWS_TO	
4185085	4185108	FLOWS_TO	
4185015	4185109	DEF	
4185016	4185109	DEF	
4184178	4185110	DEF	
4184179	4185110	DEF	
4184204	4185110	DEF	
4184205	4185110	DEF	
4184569	4185110	USE	
4184602	4185110	USE	
4184637	4185110	USE	
4184760	4185110	USE	
4184334	4185111	USE	
4184339	4185111	USE	
4184787	4185111	USE	
4184792	4185111	USE	
4184848	4185111	USE	
4184853	4185111	USE	
4184897	4185111	USE	
4184902	4185111	USE	
4184334	4185112	USE	
4184340	4185112	USE	
4184787	4185112	USE	
4184793	4185112	USE	
4184848	4185112	USE	
4184854	4185112	USE	
4184897	4185112	USE	
4184903	4185112	USE	
4185025	4185113	DEF	
4185026	4185113	DEF	
4184224	4185114	DEF	
4184225	4185114	DEF	
4184721	4185114	USE	
4184825	4185114	USE	
4184259	4185115	USE	
4184326	4185115	USE	
4185032	4185115	USE	
4184972	4185116	DEF	
4184973	4185116	DEF	
4184097	4185117	USE	
4184101	4185117	USE	
4184390	4185118	DEF	
4184391	4185118	DEF	
4184410	4185118	DEF	
4184411	4185118	DEF	
4185003	4185118	DEF	
4185004	4185118	DEF	
4184236	4185119	DEF	
4184237	4185119	DEF	
4184594	4185120	USE	
4184595	4185120	USE	
4184890	4185120	USE	
4184908	4185121	USE	
4184913	4185121	USE	
4184877	4185122	DEF	
4184881	4185122	DEF	
4184878	4185122	DEF	
4184908	4185122	USE	
4184915	4185122	USE	
4184917	4185122	USE	
4184922	4185122	USE	
4185104	4185123	DEF	
4184362	4185123	USE	
4184981	4185123	USE	
4184721	4185124	USE	
4184164	4185125	USE	
4184165	4185125	USE	
4184535	4185126	USE	
4184637	4185127	USE	
4184760	4185127	USE	
4184184	4185128	DEF	
4184185	4185128	DEF	
4184199	4185128	USE	
4184501	4185128	USE	
4184506	4185128	DEF	
4184507	4185128	DEF	
4184506	4185128	USE	
4184507	4185128	USE	
4184513	4185128	USE	
4184867	4185129	USE	
4184616	4185130	USE	
4184625	4185130	USE	
4184695	4185130	USE	
4184704	4185130	USE	
4184806	4185130	USE	
4184807	4185130	USE	
4184576	4185131	USE	
4184583	4185131	USE	
4184662	4185132	USE	
4184667	4185132	USE	
4184082	4185133	DEF	
4184083	4185133	DEF	
4184132	4185133	DEF	
4184133	4185133	DEF	
4184210	4185133	USE	
4184211	4185133	USE	
4184243	4185133	USE	
4184247	4185133	USE	
4184256	4185133	USE	
4184283	4185133	USE	
4184284	4185133	USE	
4185015	4185133	USE	
4185016	4185133	USE	
4185047	4185133	USE	
4185056	4185133	USE	
4185054	4185133	USE	
4185064	4185133	USE	
4185071	4185133	USE	
4184418	4185134	USE	
4184420	4185134	USE	
4184484	4185135	USE	
4184485	4185135	USE	
4184093	4185136	DEF	
4184094	4185136	DEF	
4184138	4185137	DEF	
4184139	4185137	DEF	
4184144	4185137	DEF	
4184145	4185137	DEF	
4184150	4185137	DEF	
4184157	4185137	DEF	
4184153	4185137	DEF	
4184172	4185137	DEF	
4184173	4185137	DEF	
4184178	4185137	DEF	
4184179	4185137	DEF	
4184184	4185137	DEF	
4184185	4185137	DEF	
4184184	4185137	USE	
4184185	4185137	USE	
4184199	4185137	USE	
4184204	4185137	DEF	
4184205	4185137	DEF	
4184210	4185137	DEF	
4184211	4185137	DEF	
4184216	4185137	DEF	
4184217	4185137	DEF	
4184224	4185137	DEF	
4184225	4185137	DEF	
4184230	4185137	DEF	
4184231	4185137	DEF	
4184236	4185137	DEF	
4184237	4185137	DEF	
4184721	4185137	USE	
4184334	4185137	USE	
4184343	4185137	USE	
4184400	4185137	USE	
4184401	4185137	USE	
4184426	4185137	USE	
4184433	4185137	USE	
4184455	4185137	DEF	
4184456	4185137	DEF	
4184461	4185137	USE	
4184475	4185137	USE	
4184480	4185137	USE	
4184484	4185137	DEF	
4184485	4185137	DEF	
4184484	4185137	USE	
4184485	4185137	USE	
4184490	4185137	USE	
4184491	4185137	USE	
4184490	4185137	DEF	
4184491	4185137	DEF	
4184501	4185137	USE	
4184506	4185137	DEF	
4184507	4185137	DEF	
4184506	4185137	USE	
4184507	4185137	USE	
4184513	4185137	USE	
4184521	4185137	USE	
4184535	4185137	USE	
4184549	4185137	USE	
4184562	4185137	USE	
4184563	4185137	USE	
4184562	4185137	DEF	
4184563	4185137	DEF	
4184569	4185137	USE	
4184576	4185137	USE	
4184590	4185137	USE	
4184594	4185137	DEF	
4184595	4185137	DEF	
4184602	4185137	USE	
4184616	4185137	USE	
4184625	4185137	USE	
4184629	4185137	DEF	
4184630	4185137	DEF	
4184637	4185137	USE	
4184675	4185137	USE	
4184684	4185137	USE	
4184695	4185137	USE	
4184704	4185137	USE	
4184708	4185137	DEF	
4184709	4185137	DEF	
4184753	4185137	USE	
4184754	4185137	USE	
4184760	4185137	USE	
4184774	4185137	USE	
4184781	4185137	DEF	
4184782	4185137	DEF	
4184806	4185137	USE	
4184807	4185137	USE	
4184825	4185137	USE	
4184842	4185137	DEF	
4184843	4185137	DEF	
4184890	4185137	USE	
4184927	4185137	USE	
4185015	4185137	USE	
4185016	4185137	USE	
4185047	4185137	USE	
4185056	4185137	USE	
4185064	4185137	USE	
4185071	4185137	USE	
4185085	4185137	USE	
4185090	4185137	USE	
4184400	4185138	DEF	
4184401	4185138	DEF	
4184410	4185138	DEF	
4184411	4185138	DEF	
4184418	4185138	DEF	
4184419	4185138	DEF	
4184216	4185139	USE	
4184217	4185139	USE	
4184716	4185139	USE	
4184867	4185139	USE	
4184872	4185139	USE	
4184721	4185140	USE	
4184365	4185140	USE	
4184366	4185140	USE	
4184972	4185140	USE	
4184974	4185140	USE	
4184984	4185140	USE	
4184985	4185140	USE	
4185064	4185140	USE	
4185077	4185140	USE	
4184283	4185141	USE	
4184284	4185141	USE	
4184602	4185142	USE	
4184760	4185142	USE	
4184301	4185143	USE	
4184302	4185143	USE	
4184314	4185143	USE	
4184315	4185143	USE	
4184125	4185144	USE	
4184130	4185144	USE	
4184164	4185145	USE	
4184165	4185145	USE	
4184365	4185145	USE	
4184366	4185145	USE	
4184984	4185145	USE	
4184985	4185145	USE	
4185064	4185145	USE	
4185077	4185145	USE	
4184877	4185146	USE	
4184881	4185146	USE	
4184390	4185147	DEF	
4184391	4185147	DEF	
4184400	4185147	DEF	
4184401	4185147	DEF	
4184410	4185147	DEF	
4184411	4185147	DEF	
4184418	4185147	DEF	
4184419	4185147	DEF	
4184972	4185147	DEF	
4184973	4185147	DEF	
4185003	4185147	DEF	
4185004	4185147	DEF	
4184400	4185148	USE	
4184402	4185148	USE	
4184562	4185149	USE	
4184563	4185149	USE	
4184655	4185150	USE	
4184656	4185150	USE	
4184132	4185151	USE	
4184133	4185151	USE	
4184150	4185151	USE	
4184157	4185151	USE	
4184301	4185151	USE	
4184302	4185151	USE	
4184438	4185151	USE	
4184813	4185151	USE	
4185015	4185151	DEF	
4185016	4185151	DEF	
4185025	4185151	DEF	
4185026	4185151	DEF	
4184877	4185152	USE	
4184887	4185152	USE	
4184150	4185153	DEF	
4184157	4185153	DEF	
4184184	4185153	USE	
4184185	4185153	USE	
4184484	4185153	DEF	
4184485	4185153	DEF	
4184484	4185153	USE	
4184485	4185153	USE	
4184521	4185153	USE	
4184535	4185153	USE	
4184549	4185153	USE	
4184562	4185153	DEF	
4184563	4185153	DEF	
4184562	4185153	USE	
4184563	4185153	USE	
4184774	4185153	USE	
4184825	4185153	USE	
4184216	4185154	DEF	
4184217	4185154	DEF	
4184455	4185155	DEF	
4184456	4185155	DEF	
4184480	4185155	USE	
4184150	4185156	USE	
4184157	4185156	USE	
4184334	4185157	USE	
4184339	4185157	USE	
4184787	4185157	USE	
4184792	4185157	USE	
4184848	4185157	USE	
4184853	4185157	USE	
4184897	4185157	USE	
4184902	4185157	USE	
4184644	4185158	DEF	
4184645	4185158	DEF	
4184655	4185158	DEF	
4184656	4185158	DEF	
4184662	4185158	USE	
4184673	4185158	USE	
4184688	4185158	USE	
4184693	4185158	USE	
4184078	4185159	DEF	
4184079	4185159	DEF	
4184164	4185159	DEF	
4184165	4185159	DEF	
4184721	4185159	USE	
4184972	4185160	USE	
4184973	4185160	USE	
4184283	4185161	USE	
4184284	4185161	USE	
4184117	4185162	DEF	
4184118	4185162	DEF	
4184297	4185162	DEF	
4184298	4185162	DEF	
4184721	4185162	USE	
4184418	4185162	USE	
4184419	4185162	USE	
4184438	4185162	USE	
4184496	4185162	DEF	
4184497	4185162	DEF	
4184496	4185162	USE	
4184497	4185162	USE	
4184963	4185162	USE	
4184970	4185162	USE	
4185025	4185162	USE	
4185026	4185162	USE	
4184629	4185163	USE	
4184630	4185163	USE	
4184708	4185163	USE	
4184709	4185163	USE	
4184106	4185164	DEF	
4184107	4185164	DEF	
4184283	4185164	DEF	
4184284	4185164	DEF	
4184721	4185164	USE	
4184132	4185165	USE	
4184133	4185165	USE	
4184172	4185166	USE	
4184173	4185166	USE	
4184825	4185166	USE	
4184662	4185167	USE	
4184669	4185167	USE	
4184210	4185168	DEF	
4184211	4185168	DEF	
4184721	4185168	USE	
4184334	4185168	USE	
4184343	4185168	USE	
4184400	4185168	USE	
4184401	4185168	USE	
4184426	4185168	USE	
4184433	4185168	USE	
4184461	4185168	USE	
4184475	4185168	USE	
4184490	4185168	DEF	
4184491	4185168	DEF	
4184490	4185168	USE	
4184491	4185168	USE	
4184576	4185168	USE	
4184590	4185168	USE	
4184675	4185168	USE	
4184684	4185168	USE	
4184753	4185168	USE	
4184754	4185168	USE	
4185015	4185168	USE	
4185016	4185168	USE	
4185047	4185168	USE	
4185056	4185168	USE	
4185064	4185168	USE	
4185071	4185168	USE	
4184576	4185169	USE	
4184585	4185169	USE	
4184781	4185170	USE	
4184782	4185170	USE	
4184842	4185170	USE	
4184843	4185170	USE	
4184461	4185171	USE	
4184468	4185171	USE	
4184164	4185172	USE	
4184168	4185172	USE	
4184165	4185172	USE	
4184721	4185172	USE	
4184736	4185172	USE	
4184365	4185172	USE	
4184369	4185172	USE	
4184372	4185172	USE	
4184366	4185172	USE	
4184390	4185172	USE	
4184393	4185172	USE	
4184392	4185172	USE	
4184400	4185172	USE	
4184402	4185172	USE	
4184403	4185172	USE	
4184410	4185172	USE	
4184412	4185172	USE	
4184413	4185172	USE	
4184418	4185172	USE	
4184421	4185172	USE	
4184420	4185172	USE	
4184972	4185172	USE	
4184976	4185172	USE	
4184974	4185172	USE	
4184984	4185172	USE	
4184988	4185172	USE	
4184991	4185172	USE	
4184985	4185172	USE	
4185003	4185172	USE	
4185006	4185172	USE	
4185005	4185172	USE	
4185064	4185172	USE	
4185077	4185172	USE	
4185079	4185172	USE	
4185082	4185172	USE	
4184390	4185173	USE	
4184392	4185173	USE	
4184410	4185173	USE	
4184412	4185173	USE	
4185003	4185173	USE	
4185005	4185173	USE	
4184150	4185174	DEF	
4184153	4185174	DEF	
4184549	4185175	USE	
4184113	4185176	DEF	
4184114	4185176	DEF	
4184753	4185176	DEF	
4184754	4185176	DEF	
4184787	4185176	USE	
4184796	4185176	USE	
4184806	4185176	DEF	
4184807	4185176	DEF	
4184848	4185176	USE	
4184857	4185176	USE	
4184897	4185176	USE	
4184906	4185176	USE	
4184934	4185176	USE	
4184943	4185176	USE	
4184121	4185177	DEF	
4184122	4185177	DEF	
4184301	4185177	DEF	
4184302	4185177	DEF	
4184310	4185177	USE	
4184314	4185177	DEF	
4184315	4185177	DEF	
4184721	4185177	USE	
4184438	4185177	USE	
4184230	4185178	DEF	
4184231	4185178	DEF	
4185085	4185178	USE	
4185090	4185178	USE	
4184216	4185179	USE	
4184217	4185179	USE	
4184716	4185179	USE	
4184867	4185179	USE	
4184872	4185179	USE	
4184184	4185180	USE	
4184185	4185180	USE	
4184774	4185180	USE	
4184138	4185181	DEF	
4184139	4185181	DEF	
4184418	4185182	DEF	
4184419	4185182	DEF	
4184086	4185183	DEF	
4184087	4185183	DEF	
4184365	4185183	DEF	
4184366	4185183	DEF	
4184376	4185183	USE	
4184386	4185183	USE	
4184984	4185183	DEF	
4184985	4185183	DEF	
4184999	4185183	USE	
4184334	4185184	USE	
4184340	4185184	USE	
4184787	4185184	USE	
4184793	4185184	USE	
4184848	4185184	USE	
4184854	4185184	USE	
4184897	4185184	USE	
4184903	4185184	USE	
4185098	4185185	DEF	
4184138	4185185	USE	
4184139	4185185	USE	
4184216	4185185	USE	
4184221	4185185	USE	
4184247	4185185	USE	
4184252	4185185	USE	
4184274	4185185	USE	
4184279	4185185	USE	
4184352	4185185	USE	
4184357	4185185	USE	
4184461	4185185	USE	
4184473	4185185	USE	
4184716	4185185	USE	
4184717	4185185	USE	
4184867	4185185	USE	
4184873	4185185	USE	
4185047	4185185	USE	
4185052	4185185	USE	
4184106	4185186	DEF	
4184110	4185186	DEF	
4184150	4185186	DEF	
4184151	4185186	DEF	
4184825	4185186	USE	
4184144	4185187	DEF	
4184145	4185187	DEF	
4184204	4185188	USE	
4184205	4185188	USE	
4184569	4185188	USE	
4185101	4185189	DEF	
4184132	4185189	USE	
4184135	4185189	USE	
4184144	4185189	USE	
4184145	4185189	USE	
4184150	4185189	USE	
4184161	4185189	USE	
4184301	4185189	USE	
4184305	4185189	USE	
4184438	4185189	USE	
4184446	4185189	USE	
4184813	4185189	USE	
4184815	4185189	USE	
4184963	4185189	USE	
4184968	4185189	USE	
4185015	4185189	USE	
4185017	4185189	USE	
4185025	4185189	USE	
4185027	4185189	USE	
4184521	4185190	USE	
4184172	4185191	DEF	
4184173	4185191	DEF	
4184721	4185191	USE	
4184594	4185191	DEF	
4184595	4185191	DEF	
4184629	4185191	DEF	
4184630	4185191	DEF	
4184708	4185191	DEF	
4184709	4185191	DEF	
4184781	4185191	DEF	
4184782	4185191	DEF	
4184825	4185191	USE	
4184842	4185191	DEF	
4184843	4185191	DEF	
4184890	4185191	USE	
4184927	4185191	USE	
4184438	4185192	USE	
4184813	4185192	USE	
4184301	4185193	USE	
4184302	4185193	USE	
4184438	4185193	USE	
4184813	4185193	USE	
4184259	4185194	USE	
4184264	4185194	USE	
4184326	4185194	USE	
4184331	4185194	USE	
4185032	4185194	USE	
4185037	4185194	USE	
4184400	4185195	DEF	
4184401	4185195	DEF	
4184086	4185196	DEF	
4184090	4185196	DEF	
4184291	4185196	DEF	
4184292	4185196	DEF	
4184376	4185196	USE	
4184381	4185196	DEF	
4184382	4185196	DEF	
4184381	4185196	USE	
4184382	4185196	USE	
4184386	4185196	USE	
4184390	4185196	USE	
4184396	4185196	USE	
4184390	4185196	DEF	
4184396	4185196	DEF	
4184400	4185196	USE	
4184402	4185196	USE	
4184410	4185196	USE	
4184412	4185196	USE	
4184418	4185196	USE	
4184420	4185196	USE	
4184994	4185196	DEF	
4184995	4185196	DEF	
4184994	4185196	USE	
4184995	4185196	USE	
4184999	4185196	USE	
4185003	4185196	USE	
4185009	4185196	USE	
4185003	4185196	DEF	
4185009	4185196	DEF	
4184097	4185197	DEF	
4184098	4185197	DEF	
4184101	4185197	DEF	
4184138	4185197	USE	
4184140	4185197	USE	
4184144	4185197	USE	
4184146	4185197	USE	
4184150	4185197	USE	
4184158	4185197	USE	
4184154	4185197	USE	
4184172	4185197	USE	
4184174	4185197	USE	
4184178	4185197	USE	
4184180	4185197	USE	
4184184	4185197	USE	
4184194	4185197	USE	
4184186	4185197	USE	
4184199	4185197	USE	
4184200	4185197	USE	
4184204	4185197	USE	
4184206	4185197	USE	
4184210	4185197	USE	
4184212	4185197	USE	
4184216	4185197	USE	
4184218	4185197	USE	
4184224	4185197	USE	
4184226	4185197	USE	
4184230	4185197	USE	
4184232	4185197	USE	
4184236	4185197	USE	
4184238	4185197	USE	
4184721	4185197	USE	
4184725	4185197	USE	
4184746	4185197	USE	
4184731	4185197	USE	
4184334	4185197	USE	
4184344	4185197	USE	
4184352	4185197	USE	
4184359	4185197	USE	
4184400	4185197	USE	
4184407	4185197	USE	
4184426	4185197	USE	
4184434	4185197	USE	
4184455	4185197	USE	
4184457	4185197	USE	
4184461	4185197	USE	
4184466	4185197	USE	
4184476	4185197	USE	
4184480	4185197	USE	
4184481	4185197	USE	
4184484	4185197	USE	
4184486	4185197	USE	
4184490	4185197	USE	
4184492	4185197	USE	
4184501	4185197	USE	
4184502	4185197	USE	
4184506	4185197	USE	
4184508	4185197	USE	
4184513	4185197	USE	
4184516	4185197	USE	
4184521	4185197	USE	
4184523	4185197	USE	
4184527	4185197	USE	
4184532	4185197	USE	
4184535	4185197	USE	
4184537	4185197	USE	
4184541	4185197	USE	
4184546	4185197	USE	
4184549	4185197	USE	
4184551	4185197	USE	
4184555	4185197	USE	
4184560	4185197	USE	
4184562	4185197	USE	
4184564	4185197	USE	
4184569	4185197	USE	
4184571	4185197	USE	
4184576	4185197	USE	
4184591	4185197	USE	
4184581	4185197	USE	
4184594	4185197	USE	
4184596	4185197	USE	
4184602	4185197	USE	
4184604	4185197	USE	
4184609	4185197	USE	
4184614	4185197	USE	
4184616	4185197	USE	
4184626	4185197	USE	
4184621	4185197	USE	
4184629	4185197	USE	
4184631	4185197	USE	
4184637	4185197	USE	
4184639	4185197	USE	
4184648	4185197	USE	
4184653	4185197	USE	
4184675	4185197	USE	
4184685	4185197	USE	
4184680	4185197	USE	
4184695	4185197	USE	
4184700	4185197	USE	
4184705	4185197	USE	
4184708	4185197	USE	
4184710	4185197	USE	
4184753	4185197	USE	
4184756	4185197	USE	
4184760	4185197	USE	
4184763	4185197	USE	
4184768	4185197	USE	
4184774	4185197	USE	
4184776	4185197	USE	
4184781	4185197	USE	
4184783	4185197	USE	
4184798	4185197	USE	
4184803	4185197	USE	
4184806	4185197	USE	
4184809	4185197	USE	
4184825	4185197	USE	
4184838	4185197	USE	
4184833	4185197	USE	
4184828	4185197	USE	
4184842	4185197	USE	
4184844	4185197	USE	
4184859	4185197	USE	
4184864	4185197	USE	
4184890	4185197	USE	
4184892	4185197	USE	
4184927	4185197	USE	
4184928	4185197	USE	
4184934	4185197	USE	
4184939	4185197	USE	
4185015	4185197	USE	
4185021	4185197	USE	
4185047	4185197	USE	
4185058	4185197	USE	
4185064	4185197	USE	
4185073	4185197	USE	
4185085	4185197	USE	
4185093	4185197	USE	
4184224	4184721	REACHES	dc -> cpustate_changed
4184224	4184825	REACHES	dc -> cpustate_changed
4185104	4184362	REACHES	search_pc
4185104	4184981	REACHES	search_pc
4184506	4184825	REACHES	* dc
4184178	4184184	REACHES	* dc
4184490	4184721	REACHES	* dc
4184184	4184199	REACHES	* dc
4184506	4185085	REACHES	* dc
4184506	4184890	REACHES	* dc
4184506	4185047	REACHES	* dc
4184506	4184521	REACHES	* dc
4184629	4184774	REACHES	* dc
4184562	4184774	REACHES	* dc
4184594	4185047	REACHES	* dc
4184781	4185015	REACHES	* dc
4184490	4184774	REACHES	* dc
4184506	4184721	REACHES	* dc
4184629	4184753	REACHES	* dc
4184506	4184753	REACHES	* dc
4184506	4185064	REACHES	* dc
4184490	4184334	REACHES	* dc
4184236	4184400	REACHES	* dc
4184629	4184806	REACHES	* dc
4184842	4185047	REACHES	* dc
4184562	4184602	REACHES	* dc
4184562	4184616	REACHES	* dc
4184506	4184774	REACHES	* dc
4184490	4184753	REACHES	* dc
4184708	4184890	REACHES	* dc
4184629	4185064	REACHES	* dc
4184781	4185047	REACHES	* dc
4184506	4184334	REACHES	* dc
4184236	4184334	REACHES	* dc
4184455	4184484	REACHES	* dc
4184842	4185015	REACHES	* dc
4184708	4185015	REACHES	* dc
4184594	4184774	REACHES	* dc
4184842	4184890	REACHES	* dc
4184490	4184506	REACHES	* dc
4184594	4184825	REACHES	* dc
4184490	4184760	REACHES	* dc
4184708	4184753	REACHES	* dc
4184708	4184760	REACHES	* dc
4184629	4185047	REACHES	* dc
4184708	4184825	REACHES	* dc
4184490	4185015	REACHES	* dc
4184562	4185015	REACHES	* dc
4184842	4184927	REACHES	* dc
4184506	4184513	REACHES	* dc
4184490	4184426	REACHES	* dc
4184562	4185064	REACHES	* dc
4184781	4185085	REACHES	* dc
4184708	4185064	REACHES	* dc
4184490	4184501	REACHES	* dc
4184506	4184549	REACHES	* dc
4184562	4184825	REACHES	* dc
4184562	4185085	REACHES	* dc
4184490	4184825	REACHES	* dc
4184781	4184927	REACHES	* dc
4184629	4184927	REACHES	* dc
4184708	4185047	REACHES	* dc
4184629	4184890	REACHES	* dc
4184594	4184760	REACHES	* dc
4184708	4185085	REACHES	* dc
4184562	4185047	REACHES	* dc
4184490	4184400	REACHES	* dc
4184562	4184637	REACHES	* dc
4184708	4184806	REACHES	* dc
4184455	4184461	REACHES	* dc
4184594	4184927	REACHES	* dc
4184594	4185085	REACHES	* dc
4184594	4185064	REACHES	* dc
4184562	4184890	REACHES	* dc
4184490	4184927	REACHES	* dc
4184490	4185085	REACHES	* dc
4184594	4184753	REACHES	* dc
4184562	4184760	REACHES	* dc
4184506	4184400	REACHES	* dc
4184506	4184426	REACHES	* dc
4184484	4184490	REACHES	* dc
4184506	4184806	REACHES	* dc
4184594	4185015	REACHES	* dc
4184842	4185085	REACHES	* dc
4184781	4184890	REACHES	* dc
4184562	4184927	REACHES	* dc
4184708	4184927	REACHES	* dc
4184781	4184825	REACHES	* dc
4184594	4184806	REACHES	* dc
4184490	4184890	REACHES	* dc
4184490	4184806	REACHES	* dc
4184455	4184490	REACHES	* dc
4184629	4185085	REACHES	* dc
4184594	4184890	REACHES	* dc
4184781	4185064	REACHES	* dc
4184236	4184426	REACHES	* dc
4184455	4184480	REACHES	* dc
4184562	4184806	REACHES	* dc
4184629	4184825	REACHES	* dc
4184842	4185064	REACHES	* dc
4184506	4184760	REACHES	* dc
4184562	4184675	REACHES	* dc
4184629	4184760	REACHES	* dc
4184708	4184774	REACHES	* dc
4184629	4185015	REACHES	* dc
4184506	4184927	REACHES	* dc
4184506	4184535	REACHES	* dc
4184562	4184576	REACHES	* dc
4184562	4184569	REACHES	* dc
4184562	4184695	REACHES	* dc
4184562	4184753	REACHES	* dc
4184506	4185015	REACHES	* dc
4184490	4185064	REACHES	* dc
4184490	4185047	REACHES	* dc
4184506	4184562	REACHES	* dc
4185025	4185108	REACHES	* tb
4184164	4184721	REACHES	gen_opc_end
4184365	4184376	REACHES	j
4184365	4184386	REACHES	j
4184984	4184999	REACHES	j
4185101	4184438	REACHES	tb
4185101	4184132	REACHES	tb
4185101	4184144	REACHES	tb
4185101	4184150	REACHES	tb
4185101	4184301	REACHES	tb
4185101	4184813	REACHES	tb
4185101	4184963	REACHES	tb
4185101	4185015	REACHES	tb
4185101	4185025	REACHES	tb
4184097	4184184	REACHES	dc
4184097	4184150	REACHES	dc
4184097	4184138	REACHES	dc
4184097	4184695	REACHES	dc
4184097	4184535	REACHES	dc
4184097	4184555	REACHES	dc
4184097	4184461	REACHES	dc
4184097	4184484	REACHES	dc
4184097	4184144	REACHES	dc
4184097	4184501	REACHES	dc
4184097	4184609	REACHES	dc
4184097	4184562	REACHES	dc
4184097	4184637	REACHES	dc
4184097	4184798	REACHES	dc
4184097	4184825	REACHES	dc
4184097	4184675	REACHES	dc
4184097	4184721	REACHES	dc
4184097	4184172	REACHES	dc
4184097	4184178	REACHES	dc
4184097	4184521	REACHES	dc
4184097	4184760	REACHES	dc
4184097	4184842	REACHES	dc
4184097	4184490	REACHES	dc
4184097	4184629	REACHES	dc
4184097	4184927	REACHES	dc
4184097	4185047	REACHES	dc
4184097	4184569	REACHES	dc
4184097	4184541	REACHES	dc
4184097	4184549	REACHES	dc
4184097	4184602	REACHES	dc
4184097	4185015	REACHES	dc
4184097	4184576	REACHES	dc
4184097	4184648	REACHES	dc
4184097	4184334	REACHES	dc
4184097	4184513	REACHES	dc
4184097	4184616	REACHES	dc
4184097	4184806	REACHES	dc
4184097	4184859	REACHES	dc
4184097	4184753	REACHES	dc
4184097	4184781	REACHES	dc
4184097	4185085	REACHES	dc
4184097	4184480	REACHES	dc
4184097	4184199	REACHES	dc
4184097	4184204	REACHES	dc
4184097	4185064	REACHES	dc
4184097	4184236	REACHES	dc
4184097	4184455	REACHES	dc
4184097	4184224	REACHES	dc
4184097	4184210	REACHES	dc
4184097	4184426	REACHES	dc
4184097	4184216	REACHES	dc
4184097	4184400	REACHES	dc
4184097	4184708	REACHES	dc
4184097	4184774	REACHES	dc
4184097	4184506	REACHES	dc
4184097	4184527	REACHES	dc
4184097	4184594	REACHES	dc
4184097	4184352	REACHES	dc
4184097	4184890	REACHES	dc
4184097	4184934	REACHES	dc
4184097	4184230	REACHES	dc
4184204	4184569	REACHES	dc -> jmp
4184178	4184569	REACHES	dc -> jmp
4184204	4184602	REACHES	dc -> jmp
4184178	4184602	REACHES	dc -> jmp
4184204	4184637	REACHES	dc -> jmp
4184178	4184637	REACHES	dc -> jmp
4184204	4184760	REACHES	dc -> jmp
4184178	4184760	REACHES	dc -> jmp
4184484	4184521	REACHES	dc -> tb_flags
4184150	4184184	REACHES	dc -> tb_flags
4184484	4184484	REACHES	dc -> tb_flags
4184484	4184774	REACHES	dc -> tb_flags
4184150	4184484	REACHES	dc -> tb_flags
4184150	4184521	REACHES	dc -> tb_flags
4184562	4184825	REACHES	dc -> tb_flags
4184484	4184825	REACHES	dc -> tb_flags
4184484	4184562	REACHES	dc -> tb_flags
4184150	4184825	REACHES	dc -> tb_flags
4184484	4184535	REACHES	dc -> tb_flags
4184150	4184562	REACHES	dc -> tb_flags
4184150	4184774	REACHES	dc -> tb_flags
4184150	4184535	REACHES	dc -> tb_flags
4184484	4184549	REACHES	dc -> tb_flags
4184150	4184549	REACHES	dc -> tb_flags
4184562	4184774	REACHES	dc -> tb_flags
4184455	4184480	REACHES	dc -> clear_imm
4184806	4184897	REACHES	npc
4184301	4184310	REACHES	max_insns
4184301	4184721	REACHES	max_insns
4184314	4184721	REACHES	max_insns
4184806	4184934	REACHES	npc
4184301	4184438	REACHES	max_insns
4184314	4184438	REACHES	max_insns
4184753	4184787	REACHES	npc
4184806	4184848	REACHES	npc
4184753	4184848	REACHES	npc
4184753	4184897	REACHES	npc
4184753	4184934	REACHES	npc
4185098	4184274	REACHES	env
4185098	4184138	REACHES	env
4185098	4184216	REACHES	env
4185098	4184247	REACHES	env
4185098	4184352	REACHES	env
4185098	4184461	REACHES	env
4185098	4184716	REACHES	env
4185098	4184867	REACHES	env
4185098	4185047	REACHES	env
4184877	4184908	REACHES	tmp
4184877	4184917	REACHES	tmp
4184132	4184210	REACHES	pc_start
4184132	4184243	REACHES	pc_start
4184132	4184247	REACHES	pc_start
4184132	4184283	REACHES	pc_start
4184132	4185015	REACHES	pc_start
4184132	4185047	REACHES	pc_start
4184132	4185064	REACHES	pc_start
4184655	4184662	REACHES	l1
4184655	4184688	REACHES	l1
4184496	4184496	REACHES	num_insns
4184496	4184721	REACHES	num_insns
4184297	4184418	REACHES	num_insns
4184496	4184418	REACHES	num_insns
4184297	4184438	REACHES	num_insns
4184496	4184438	REACHES	num_insns
4184297	4184496	REACHES	num_insns
4184496	4184963	REACHES	num_insns
4184496	4185025	REACHES	num_insns
4184230	4185085	REACHES	dc -> abort_at_next_insn
4184381	4184381	REACHES	lj
4184291	4184376	REACHES	lj
4184381	4184376	REACHES	lj
4184994	4184999	REACHES	lj
4184390	4184376	REACHES	lj
4184390	4184418	REACHES	lj
4184994	4185003	REACHES	lj
4184291	4184381	REACHES	lj
4184381	4184400	REACHES	lj
4185003	4184999	REACHES	lj
4184390	4184410	REACHES	lj
4184390	4184381	REACHES	lj
4184381	4184386	REACHES	lj
4184390	4184390	REACHES	lj
4184390	4184400	REACHES	lj
4184390	4184994	REACHES	lj
4184390	4184386	REACHES	lj
4184381	4184410	REACHES	lj
4184381	4184390	REACHES	lj
4184291	4184410	REACHES	lj
4184381	4184994	REACHES	lj
4184291	4184400	REACHES	lj
4184381	4184418	REACHES	lj
4184291	4184418	REACHES	lj
4184291	4184994	REACHES	lj
4185003	4185003	REACHES	lj
4184184	4184199	REACHES	dc -> delayed_branch
4184506	4184501	REACHES	dc -> delayed_branch
4184184	4184501	REACHES	dc -> delayed_branch
4184506	4184506	REACHES	dc -> delayed_branch
4184184	4184506	REACHES	dc -> delayed_branch
4184506	4184513	REACHES	dc -> delayed_branch
4184283	4184721	REACHES	next_page_start
4184490	4184461	REACHES	dc -> pc
4184210	4184334	REACHES	dc -> pc
4184490	4184721	REACHES	dc -> pc
4184490	4184334	REACHES	dc -> pc
4184210	4184400	REACHES	dc -> pc
4184490	4184400	REACHES	dc -> pc
4184490	4184576	REACHES	dc -> pc
4184210	4184426	REACHES	dc -> pc
4184490	4184675	REACHES	dc -> pc
4184490	4184490	REACHES	dc -> pc
4184490	4184426	REACHES	dc -> pc
4184490	4184753	REACHES	dc -> pc
4184490	4185015	REACHES	dc -> pc
4184490	4185064	REACHES	dc -> pc
4184210	4184490	REACHES	dc -> pc
4184490	4185047	REACHES	dc -> pc
4184210	4184461	REACHES	dc -> pc
4184150	4184825	REACHES	org_flags
4184594	4184825	REACHES	dc -> is_jmp
4184172	4184721	REACHES	dc -> is_jmp
4184172	4184825	REACHES	dc -> is_jmp
4184781	4184825	REACHES	dc -> is_jmp
4184594	4184927	REACHES	dc -> is_jmp
4184708	4184890	REACHES	dc -> is_jmp
4184629	4184890	REACHES	dc -> is_jmp
4184708	4184927	REACHES	dc -> is_jmp
4184708	4184825	REACHES	dc -> is_jmp
4184629	4184825	REACHES	dc -> is_jmp
4184172	4184927	REACHES	dc -> is_jmp
4184781	4184927	REACHES	dc -> is_jmp
4184172	4184890	REACHES	dc -> is_jmp
4184842	4184927	REACHES	dc -> is_jmp
4184781	4184890	REACHES	dc -> is_jmp
4184594	4184890	REACHES	dc -> is_jmp
4184629	4184927	REACHES	dc -> is_jmp
4184842	4184890	REACHES	dc -> is_jmp
4185107	4185098	CONTROLS	
4185107	4185101	CONTROLS	
4185107	4185104	CONTROLS	
4185107	4184078	CONTROLS	
4185107	4184082	CONTROLS	
4185107	4184086	CONTROLS	
4185107	4184093	CONTROLS	
4185107	4184097	CONTROLS	
4185107	4184106	CONTROLS	
4185107	4184113	CONTROLS	
4185107	4184117	CONTROLS	
4185107	4184121	CONTROLS	
4185107	4184125	CONTROLS	
4185107	4184132	CONTROLS	
4185107	4184138	CONTROLS	
4185107	4184144	CONTROLS	
4185107	4184150	CONTROLS	
4185107	4184164	CONTROLS	
4185107	4184172	CONTROLS	
4185107	4184178	CONTROLS	
4185107	4184184	CONTROLS	
4185107	4184199	CONTROLS	
4185107	4184210	CONTROLS	
4185107	4184216	CONTROLS	
4185107	4184224	CONTROLS	
4185107	4184230	CONTROLS	
4185107	4184236	CONTROLS	
4185107	4184243	CONTROLS	
4185107	4184259	CONTROLS	
4185107	4184283	CONTROLS	
4185107	4184291	CONTROLS	
4185107	4184297	CONTROLS	
4185107	4184301	CONTROLS	
4185107	4184310	CONTROLS	
4185107	4184318	CONTROLS	
4185107	4184326	CONTROLS	
4185107	4184352	CONTROLS	
4185107	4184362	CONTROLS	
4185107	4184426	CONTROLS	
4185107	4184438	CONTROLS	
4185107	4184455	CONTROLS	
4185107	4184461	CONTROLS	
4185107	4184480	CONTROLS	
4185107	4184490	CONTROLS	
4185107	4184496	CONTROLS	
4185107	4184501	CONTROLS	
4185107	4184753	CONTROLS	
4185107	4184760	CONTROLS	
4185107	4184813	CONTROLS	
4185107	4184825	CONTROLS	
4185107	4184859	CONTROLS	
4185107	4184867	CONTROLS	
4185107	4184963	CONTROLS	
4185107	4184972	CONTROLS	
4185107	4184981	CONTROLS	
4185107	4185032	CONTROLS	
4185107	4185085	CONTROLS	
4184199	4184204	CONTROLS	
4184243	4184247	CONTROLS	
4184259	4184267	CONTROLS	
4184259	4184274	CONTROLS	
4184310	4184314	CONTROLS	
4184721	4184326	CONTROLS	
4184721	4184352	CONTROLS	
4184721	4184362	CONTROLS	
4184721	4184426	CONTROLS	
4184721	4184438	CONTROLS	
4184721	4184455	CONTROLS	
4184721	4184461	CONTROLS	
4184721	4184480	CONTROLS	
4184721	4184490	CONTROLS	
4184721	4184496	CONTROLS	
4184721	4184501	CONTROLS	
4184326	4184334	CONTROLS	
4184326	4184347	CONTROLS	
4184362	4184365	CONTROLS	
4184362	4184376	CONTROLS	
4184362	4184400	CONTROLS	
4184362	4184410	CONTROLS	
4184362	4184418	CONTROLS	
4184376	4184381	CONTROLS	
4184376	4184386	CONTROLS	
4184386	4184390	CONTROLS	
4184438	4184450	CONTROLS	
4184480	4184484	CONTROLS	
4184501	4184506	CONTROLS	
4184501	4184513	CONTROLS	
4184501	4184716	CONTROLS	
4184513	4184521	CONTROLS	
4184513	4184535	CONTROLS	
4184513	4184549	CONTROLS	
4184513	4184562	CONTROLS	
4184513	4184569	CONTROLS	
4184513	4184714	CONTROLS	
4184513	4184716	CONTROLS	
4184521	4184527	CONTROLS	
4184535	4184541	CONTROLS	
4184549	4184555	CONTROLS	
4184569	4184576	CONTROLS	
4184569	4184594	CONTROLS	
4184569	4184602	CONTROLS	
4184602	4184609	CONTROLS	
4184602	4184616	CONTROLS	
4184602	4184629	CONTROLS	
4184602	4184637	CONTROLS	
4184637	4184644	CONTROLS	
4184637	4184648	CONTROLS	
4184637	4184655	CONTROLS	
4184637	4184662	CONTROLS	
4184637	4184675	CONTROLS	
4184637	4184688	CONTROLS	
4184637	4184695	CONTROLS	
4184637	4184708	CONTROLS	
4184716	4184720	CONTROLS	
4184716	4184721	CONTROLS	
4184760	4184774	CONTROLS	
4184774	4184781	CONTROLS	
4184774	4184787	CONTROLS	
4184774	4184798	CONTROLS	
4184774	4184806	CONTROLS	
4184813	4184819	CONTROLS	
4184825	4184842	CONTROLS	
4184825	4184848	CONTROLS	
4184867	4184877	CONTROLS	
4184867	4184890	CONTROLS	
4184867	4184908	CONTROLS	
4184867	4184917	CONTROLS	
4184867	4184927	CONTROLS	
4184890	4184897	CONTROLS	
4184927	4184946	CONTROLS	
4184927	4184948	CONTROLS	
4184927	4184950	CONTROLS	
4184927	4184952	CONTROLS	
4184927	4184959	CONTROLS	
4184927	4184960	CONTROLS	
4184927	4184962	CONTROLS	
4184927	4184932	CONTROLS	
4184927	4184934	CONTROLS	
4184927	4184945	CONTROLS	
4184927	4184950	CONTROLS	
4184927	4184952	CONTROLS	
4184927	4184959	CONTROLS	
4184927	4184948	CONTROLS	
4184927	4184950	CONTROLS	
4184927	4184952	CONTROLS	
4184927	4184959	CONTROLS	
4184981	4184984	CONTROLS	
4184981	4184994	CONTROLS	
4184981	4184999	CONTROLS	
4184981	4185015	CONTROLS	
4184981	4185025	CONTROLS	
4184999	4185003	CONTROLS	
4185032	4185040	CONTROLS	
4185032	4185047	CONTROLS	
4185032	4185064	CONTROLS	
4184438	4184455	DOM	
4184352	4184362	DOM	
4184867	4184877	DOM	
4184569	4184714	DOM	
4184178	4184184	DOM	
4184297	4184301	DOM	
4184655	4184662	DOM	
4184291	4184297	DOM	
4184164	4184172	DOM	
4184310	4184318	DOM	
4184480	4184484	DOM	
4185104	4184078	DOM	
4184549	4184562	DOM	
4184426	4184438	DOM	
4184501	4184716	DOM	
4184230	4184236	DOM	
4184318	4184326	DOM	
4184093	4184097	DOM	
4184842	4184848	DOM	
4184960	4184962	DOM	
4184224	4184230	DOM	
4184326	4184334	DOM	
4184376	4184381	DOM	
4184890	4184908	DOM	
4184243	4184259	DOM	
4184381	4184386	DOM	
4184927	4184948	DOM	
4184787	4184798	DOM	
4184455	4184461	DOM	
4184480	4184490	DOM	
4184994	4184999	DOM	
4184521	4184527	DOM	
4185040	4185047	DOM	
4184616	4184629	DOM	
4184774	4184806	DOM	
4184259	4184283	DOM	
4184506	4184513	DOM	
4184301	4184310	DOM	
4184781	4184787	DOM	
4184825	4184859	DOM	
4184365	4184376	DOM	
4184927	4184950	DOM	
4184310	4184314	DOM	
4184283	4184291	DOM	
4184549	4184555	DOM	
4184602	4184609	DOM	
4184172	4184178	DOM	
4184950	4184952	DOM	
4184984	4184994	DOM	
4185015	4185025	DOM	
4184569	4184602	DOM	
4184688	4184695	DOM	
4184461	4184480	DOM	
4184813	4184819	DOM	
4184199	4184210	DOM	
4184637	4184644	DOM	
4184867	4184927	DOM	
4184496	4184501	DOM	
4184082	4184086	DOM	
4184125	4184132	DOM	
4184890	4184897	DOM	
4184999	4185003	DOM	
4184981	4185032	DOM	
4184675	4184688	DOM	
4184774	4184781	DOM	
4185032	4185040	DOM	
4184535	4184541	DOM	
4184376	4184400	DOM	
4184132	4184138	DOM	
4184334	4184347	DOM	
4184513	4184521	DOM	
4184121	4184125	DOM	
4184362	4184426	DOM	
4184972	4184981	DOM	
4184243	4184247	DOM	
4184602	4184637	DOM	
4184410	4184418	DOM	
4184562	4184569	DOM	
4184753	4184760	DOM	
4185107	4185107	DOM	
4184210	4184216	DOM	
4184490	4184496	DOM	
4184138	4184144	DOM	
4184501	4184506	DOM	
4184813	4184825	DOM	
4184117	4184121	DOM	
4184113	4184117	DOM	
4184963	4184972	DOM	
4184438	4184450	DOM	
4184859	4184867	DOM	
4184981	4185015	DOM	
4184952	4184959	DOM	
4184609	4184616	DOM	
4184400	4184410	DOM	
4184199	4184204	DOM	
4184932	4184934	DOM	
4184521	4184535	DOM	
4184386	4184390	DOM	
4184576	4184594	DOM	
4184501	4184753	DOM	
4184760	4184774	DOM	
4184078	4184082	DOM	
4184216	4184224	DOM	
4184106	4184113	DOM	
4184326	4184352	DOM	
4184086	4184093	DOM	
4184927	4184946	DOM	
4184927	4184960	DOM	
4184644	4184648	DOM	
4184927	4184932	DOM	
4184825	4184842	DOM	
4184662	4184675	DOM	
4184144	4184150	DOM	
4184362	4184365	DOM	
4184648	4184655	DOM	
4184267	4184274	DOM	
4184908	4184917	DOM	
4184695	4184708	DOM	
4184716	4184720	DOM	
4184097	4184106	DOM	
4184760	4184813	DOM	
4184569	4184576	DOM	
4184934	4184945	DOM	
4185107	4185098	DOM	
4184535	4184549	DOM	
4184184	4184199	DOM	
4184981	4184984	DOM	
4184259	4184267	DOM	
4184236	4184243	DOM	
4185098	4185101	DOM	
4184867	4184963	DOM	
4185047	4185064	DOM	
4184716	4184721	DOM	
4184150	4184164	DOM	
4185032	4185085	DOM	
4185085	4185108	DOM	
4185101	4185104	DOM	
4184877	4184890	DOM	
4184461	4184455	POST_DOM	
4184890	4184877	POST_DOM	
4184426	4184362	POST_DOM	
4184753	4184714	POST_DOM	
4184310	4184301	POST_DOM	
4184199	4184184	POST_DOM	
4184675	4184662	POST_DOM	
4184301	4184297	POST_DOM	
4184178	4184172	POST_DOM	
4184326	4184318	POST_DOM	
4184490	4184484	POST_DOM	
4184082	4184078	POST_DOM	
4184569	4184562	POST_DOM	
4184455	4184438	POST_DOM	
4184753	4184716	POST_DOM	
4184243	4184236	POST_DOM	
4184352	4184326	POST_DOM	
4184106	4184097	POST_DOM	
4184859	4184848	POST_DOM	
4184963	4184962	POST_DOM	
4184236	4184230	POST_DOM	
4184347	4184334	POST_DOM	
4184917	4184908	POST_DOM	
4184386	4184381	POST_DOM	
4184283	4184259	POST_DOM	
4184400	4184386	POST_DOM	
4184950	4184948	POST_DOM	
4184813	4184798	POST_DOM	
4185032	4184999	POST_DOM	
4184496	4184490	POST_DOM	
4184480	4184461	POST_DOM	
4184535	4184527	POST_DOM	
4185064	4185047	POST_DOM	
4184714	4184629	POST_DOM	
4184813	4184806	POST_DOM	
4184291	4184283	POST_DOM	
4184753	4184513	POST_DOM	
4184318	4184310	POST_DOM	
4184867	4184859	POST_DOM	
4184798	4184787	POST_DOM	
4184400	4184376	POST_DOM	
4184952	4184950	POST_DOM	
4184318	4184314	POST_DOM	
4184297	4184291	POST_DOM	
4184562	4184555	POST_DOM	
4184616	4184609	POST_DOM	
4184184	4184178	POST_DOM	
4184959	4184952	POST_DOM	
4184999	4184994	POST_DOM	
4184714	4184602	POST_DOM	
4185032	4185025	POST_DOM	
4184708	4184695	POST_DOM	
4184490	4184480	POST_DOM	
4184825	4184819	POST_DOM	
4184216	4184210	POST_DOM	
4184648	4184644	POST_DOM	
4184963	4184927	POST_DOM	
4184753	4184501	POST_DOM	
4184093	4184086	POST_DOM	
4184138	4184132	POST_DOM	
4184908	4184897	POST_DOM	
4184999	4185003	POST_DOM	
4185085	4185032	POST_DOM	
4184695	4184688	POST_DOM	
4184787	4184781	POST_DOM	
4185047	4185040	POST_DOM	
4184549	4184541	POST_DOM	
4184410	4184400	POST_DOM	
4184144	4184138	POST_DOM	
4184352	4184347	POST_DOM	
4184535	4184521	POST_DOM	
4184132	4184125	POST_DOM	
4185032	4184981	POST_DOM	
4184438	4184426	POST_DOM	
4184259	4184247	POST_DOM	
4184714	4184637	POST_DOM	
4184426	4184418	POST_DOM	
4184714	4184569	POST_DOM	
4184813	4184760	POST_DOM	
4184501	4184496	POST_DOM	
4184224	4184216	POST_DOM	
4185098	4185107	POST_DOM	
4184150	4184144	POST_DOM	
4184513	4184506	POST_DOM	
4184859	4184825	POST_DOM	
4184125	4184121	POST_DOM	
4184981	4184972	POST_DOM	
4184121	4184117	POST_DOM	
4184455	4184450	POST_DOM	
4184963	4184867	POST_DOM	
4184629	4184616	POST_DOM	
4184963	4184959	POST_DOM	
4185025	4185015	POST_DOM	
4184418	4184410	POST_DOM	
4184210	4184204	POST_DOM	
4184945	4184934	POST_DOM	
4184549	4184535	POST_DOM	
4184386	4184390	POST_DOM	
4184714	4184594	POST_DOM	
4184760	4184753	POST_DOM	
4184813	4184774	POST_DOM	
4184086	4184082	POST_DOM	
4184230	4184224	POST_DOM	
4184117	4184113	POST_DOM	
4184362	4184352	POST_DOM	
4184097	4184093	POST_DOM	
4184948	4184946	POST_DOM	
4184962	4184960	POST_DOM	
4184655	4184648	POST_DOM	
4184934	4184932	POST_DOM	
4184688	4184675	POST_DOM	
4184848	4184842	POST_DOM	
4184164	4184150	POST_DOM	
4184376	4184365	POST_DOM	
4184662	4184655	POST_DOM	
4184283	4184274	POST_DOM	
4184963	4184917	POST_DOM	
4184714	4184708	POST_DOM	
4184753	4184720	POST_DOM	
4184825	4184813	POST_DOM	
4184113	4184106	POST_DOM	
4184594	4184576	POST_DOM	
4184963	4184945	POST_DOM	
4185101	4185098	POST_DOM	
4184562	4184549	POST_DOM	
4184210	4184199	POST_DOM	
4184994	4184984	POST_DOM	
4184274	4184267	POST_DOM	
4184259	4184243	POST_DOM	
4185104	4185101	POST_DOM	
4184972	4184963	POST_DOM	
4184753	4184721	POST_DOM	
4185085	4185064	POST_DOM	
4185108	4185108	POST_DOM	
4185108	4185085	POST_DOM	
4184172	4184164	POST_DOM	
4184908	4184890	POST_DOM	
4184078	4185104	POST_DOM	
4184075	4184076	IS_FUNCTION_OF_AST	
4184075	4185107	IS_FUNCTION_OF_CFG	
4184074	4184075	IS_FILE_OF	
