command	key	type	code	location	functionId	childNum	isCFGNode	operator	baseType	completeType	identifier
ANR	2845334	File	/home/p4ultr4n/workplace/ReVeal/raw_code/dump_init_0.c								
ANR	2845335	Function	dump_init	1:0:0:4720							
ANR	2845336	FunctionDef	"dump_init (DumpState * s , int fd , bool has_format , DumpGuestMemoryFormat format , bool paging , bool has_filter , int64_t begin , int64_t length , Error * * errp)"		2845335	0					
ANR	2845337	CompoundStatement		7:0:210:4720	2845335	0					
ANR	2845338	IdentifierDeclStatement	CPUState * cpu ;	9:4:217:230	2845335	0	True				
ANR	2845339	IdentifierDecl	* cpu		2845335	0					
ANR	2845340	IdentifierDeclType	CPUState *		2845335	0					
ANR	2845341	Identifier	cpu		2845335	1					
ANR	2845342	IdentifierDeclStatement	int nr_cpus ;	11:4:237:248	2845335	1	True				
ANR	2845343	IdentifierDecl	nr_cpus		2845335	0					
ANR	2845344	IdentifierDeclType	int		2845335	0					
ANR	2845345	Identifier	nr_cpus		2845335	1					
ANR	2845346	IdentifierDeclStatement	Error * err = NULL ;	13:4:255:272	2845335	2	True				
ANR	2845347	IdentifierDecl	* err = NULL		2845335	0					
ANR	2845348	IdentifierDeclType	Error *		2845335	0					
ANR	2845349	Identifier	err		2845335	1					
ANR	2845350	AssignmentExpression	* err = NULL		2845335	2		=			
ANR	2845351	Identifier	NULL		2845335	0					
ANR	2845352	Identifier	NULL		2845335	1					
ANR	2845353	IdentifierDeclStatement	int ret ;	15:4:279:286	2845335	3	True				
ANR	2845354	IdentifierDecl	ret		2845335	0					
ANR	2845355	IdentifierDeclType	int		2845335	0					
ANR	2845356	Identifier	ret		2845335	1					
ANR	2845357	IfStatement	if ( has_format && format != DUMP_GUEST_MEMORY_FORMAT_ELF )		2845335	4					
ANR	2845358	Condition	has_format && format != DUMP_GUEST_MEMORY_FORMAT_ELF	21:8:362:413	2845335	0	True				
ANR	2845359	AndExpression	has_format && format != DUMP_GUEST_MEMORY_FORMAT_ELF		2845335	0		&&			
ANR	2845360	Identifier	has_format		2845335	0					
ANR	2845361	EqualityExpression	format != DUMP_GUEST_MEMORY_FORMAT_ELF		2845335	1		!=			
ANR	2845362	Identifier	format		2845335	0					
ANR	2845363	Identifier	DUMP_GUEST_MEMORY_FORMAT_ELF		2845335	1					
ANR	2845364	CompoundStatement		15:62:205:205	2845335	1					
ANR	2845365	ExpressionStatement	assert ( ! paging && ! has_filter )	23:8:427:457	2845335	0	True				
ANR	2845366	CallExpression	assert ( ! paging && ! has_filter )		2845335	0					
ANR	2845367	Callee	assert		2845335	0					
ANR	2845368	Identifier	assert		2845335	0					
ANR	2845369	ArgumentList	! paging && ! has_filter		2845335	1					
ANR	2845370	Argument	! paging && ! has_filter		2845335	0					
ANR	2845371	AndExpression	! paging && ! has_filter		2845335	0		&&			
ANR	2845372	UnaryOperationExpression	! paging		2845335	0					
ANR	2845373	UnaryOperator	!		2845335	0					
ANR	2845374	Identifier	paging		2845335	1					
ANR	2845375	UnaryOperationExpression	! has_filter		2845335	1					
ANR	2845376	UnaryOperator	!		2845335	0					
ANR	2845377	Identifier	has_filter		2845335	1					
ANR	2845378	IfStatement	if ( runstate_is_running ( ) )		2845335	5					
ANR	2845379	Condition	runstate_is_running ( )	29:8:477:497	2845335	0	True				
ANR	2845380	CallExpression	runstate_is_running ( )		2845335	0					
ANR	2845381	Callee	runstate_is_running		2845335	0					
ANR	2845382	Identifier	runstate_is_running		2845335	0					
ANR	2845383	ArgumentList			2845335	1					
ANR	2845384	CompoundStatement		23:31:289:289	2845335	1					
ANR	2845385	ExpressionStatement	vm_stop ( RUN_STATE_SAVE_VM )	31:8:511:537	2845335	0	True				
ANR	2845386	CallExpression	vm_stop ( RUN_STATE_SAVE_VM )		2845335	0					
ANR	2845387	Callee	vm_stop		2845335	0					
ANR	2845388	Identifier	vm_stop		2845335	0					
ANR	2845389	ArgumentList	RUN_STATE_SAVE_VM		2845335	1					
ANR	2845390	Argument	RUN_STATE_SAVE_VM		2845335	0					
ANR	2845391	Identifier	RUN_STATE_SAVE_VM		2845335	0					
ANR	2845392	ExpressionStatement	s -> resume = true	33:8:548:564	2845335	1	True				
ANR	2845393	AssignmentExpression	s -> resume = true		2845335	0		=			
ANR	2845394	PtrMemberAccess	s -> resume		2845335	0					
ANR	2845395	Identifier	s		2845335	0					
ANR	2845396	Identifier	resume		2845335	1					
ANR	2845397	Identifier	true		2845335	1					
ANR	2845398	ElseStatement	else		2845335	0					
ANR	2845399	CompoundStatement		29:11:367:367	2845335	0					
ANR	2845400	ExpressionStatement	s -> resume = false	37:8:589:606	2845335	0	True				
ANR	2845401	AssignmentExpression	s -> resume = false		2845335	0		=			
ANR	2845402	PtrMemberAccess	s -> resume		2845335	0					
ANR	2845403	Identifier	s		2845335	0					
ANR	2845404	Identifier	resume		2845335	1					
ANR	2845405	Identifier	false		2845335	1					
ANR	2845406	ExpressionStatement	cpu_synchronize_all_states ( )	49:4:739:767	2845335	6	True				
ANR	2845407	CallExpression	cpu_synchronize_all_states ( )		2845335	0					
ANR	2845408	Callee	cpu_synchronize_all_states		2845335	0					
ANR	2845409	Identifier	cpu_synchronize_all_states		2845335	0					
ANR	2845410	ArgumentList			2845335	1					
ANR	2845411	ExpressionStatement	nr_cpus = 0	51:4:774:785	2845335	7	True				
ANR	2845412	AssignmentExpression	nr_cpus = 0		2845335	0		=			
ANR	2845413	Identifier	nr_cpus		2845335	0					
ANR	2845414	PrimaryExpression	0		2845335	1					
ANR	2845415	Statement	CPU_FOREACH	53:4:792:802	2845335	8	True				
ANR	2845416	Statement	(	53:15:803:803	2845335	9	True				
ANR	2845417	Statement	cpu	53:16:804:806	2845335	10	True				
ANR	2845418	Statement	)	53:19:807:807	2845335	11	True				
ANR	2845419	CompoundStatement		47:21:598:598	2845335	12					
ANR	2845420	ExpressionStatement	nr_cpus ++	55:8:820:829	2845335	0	True				
ANR	2845421	PostIncDecOperationExpression	nr_cpus ++		2845335	0					
ANR	2845422	Identifier	nr_cpus		2845335	0					
ANR	2845423	IncDec	++		2845335	1					
ANR	2845424	ExpressionStatement	s -> fd = fd	61:4:845:855	2845335	13	True				
ANR	2845425	AssignmentExpression	s -> fd = fd		2845335	0		=			
ANR	2845426	PtrMemberAccess	s -> fd		2845335	0					
ANR	2845427	Identifier	s		2845335	0					
ANR	2845428	Identifier	fd		2845335	1					
ANR	2845429	Identifier	fd		2845335	1					
ANR	2845430	ExpressionStatement	s -> has_filter = has_filter	63:4:862:888	2845335	14	True				
ANR	2845431	AssignmentExpression	s -> has_filter = has_filter		2845335	0		=			
ANR	2845432	PtrMemberAccess	s -> has_filter		2845335	0					
ANR	2845433	Identifier	s		2845335	0					
ANR	2845434	Identifier	has_filter		2845335	1					
ANR	2845435	Identifier	has_filter		2845335	1					
ANR	2845436	ExpressionStatement	s -> begin = begin	65:4:895:911	2845335	15	True				
ANR	2845437	AssignmentExpression	s -> begin = begin		2845335	0		=			
ANR	2845438	PtrMemberAccess	s -> begin		2845335	0					
ANR	2845439	Identifier	s		2845335	0					
ANR	2845440	Identifier	begin		2845335	1					
ANR	2845441	Identifier	begin		2845335	1					
ANR	2845442	ExpressionStatement	s -> length = length	67:4:918:936	2845335	16	True				
ANR	2845443	AssignmentExpression	s -> length = length		2845335	0		=			
ANR	2845444	PtrMemberAccess	s -> length		2845335	0					
ANR	2845445	Identifier	s		2845335	0					
ANR	2845446	Identifier	length		2845335	1					
ANR	2845447	Identifier	length		2845335	1					
ANR	2845448	ExpressionStatement	guest_phys_blocks_init ( & s -> guest_phys_blocks )	71:4:945:990	2845335	17	True				
ANR	2845449	CallExpression	guest_phys_blocks_init ( & s -> guest_phys_blocks )		2845335	0					
ANR	2845450	Callee	guest_phys_blocks_init		2845335	0					
ANR	2845451	Identifier	guest_phys_blocks_init		2845335	0					
ANR	2845452	ArgumentList	& s -> guest_phys_blocks		2845335	1					
ANR	2845453	Argument	& s -> guest_phys_blocks		2845335	0					
ANR	2845454	UnaryOperationExpression	& s -> guest_phys_blocks		2845335	0					
ANR	2845455	UnaryOperator	&		2845335	0					
ANR	2845456	PtrMemberAccess	s -> guest_phys_blocks		2845335	1					
ANR	2845457	Identifier	s		2845335	0					
ANR	2845458	Identifier	guest_phys_blocks		2845335	1					
ANR	2845459	ExpressionStatement	guest_phys_blocks_append ( & s -> guest_phys_blocks )	73:4:997:1044	2845335	18	True				
ANR	2845460	CallExpression	guest_phys_blocks_append ( & s -> guest_phys_blocks )		2845335	0					
ANR	2845461	Callee	guest_phys_blocks_append		2845335	0					
ANR	2845462	Identifier	guest_phys_blocks_append		2845335	0					
ANR	2845463	ArgumentList	& s -> guest_phys_blocks		2845335	1					
ANR	2845464	Argument	& s -> guest_phys_blocks		2845335	0					
ANR	2845465	UnaryOperationExpression	& s -> guest_phys_blocks		2845335	0					
ANR	2845466	UnaryOperator	&		2845335	0					
ANR	2845467	PtrMemberAccess	s -> guest_phys_blocks		2845335	1					
ANR	2845468	Identifier	s		2845335	0					
ANR	2845469	Identifier	guest_phys_blocks		2845335	1					
ANR	2845470	ExpressionStatement	s -> start = get_start_block ( s )	77:4:1053:1082	2845335	19	True				
ANR	2845471	AssignmentExpression	s -> start = get_start_block ( s )		2845335	0		=			
ANR	2845472	PtrMemberAccess	s -> start		2845335	0					
ANR	2845473	Identifier	s		2845335	0					
ANR	2845474	Identifier	start		2845335	1					
ANR	2845475	CallExpression	get_start_block ( s )		2845335	1					
ANR	2845476	Callee	get_start_block		2845335	0					
ANR	2845477	Identifier	get_start_block		2845335	0					
ANR	2845478	ArgumentList	s		2845335	1					
ANR	2845479	Argument	s		2845335	0					
ANR	2845480	Identifier	s		2845335	0					
ANR	2845481	IfStatement	if ( s -> start == - 1 )		2845335	20					
ANR	2845482	Condition	s -> start == - 1	79:8:1093:1106	2845335	0	True				
ANR	2845483	EqualityExpression	s -> start == - 1		2845335	0		==			
ANR	2845484	PtrMemberAccess	s -> start		2845335	0					
ANR	2845485	Identifier	s		2845335	0					
ANR	2845486	Identifier	start		2845335	1					
ANR	2845487	UnaryOperationExpression	- 1		2845335	1					
ANR	2845488	UnaryOperator	-		2845335	0					
ANR	2845489	PrimaryExpression	1		2845335	1					
ANR	2845490	CompoundStatement		73:24:898:898	2845335	1					
ANR	2845491	ExpressionStatement	"error_set ( errp , QERR_INVALID_PARAMETER , ""begin"" )"	81:8:1120:1168	2845335	0	True				
ANR	2845492	CallExpression	"error_set ( errp , QERR_INVALID_PARAMETER , ""begin"" )"		2845335	0					
ANR	2845493	Callee	error_set		2845335	0					
ANR	2845494	Identifier	error_set		2845335	0					
ANR	2845495	ArgumentList	errp		2845335	1					
ANR	2845496	Argument	errp		2845335	0					
ANR	2845497	Identifier	errp		2845335	0					
ANR	2845498	Argument	QERR_INVALID_PARAMETER		2845335	1					
ANR	2845499	Identifier	QERR_INVALID_PARAMETER		2845335	0					
ANR	2845500	Argument	"""begin"""		2845335	2					
ANR	2845501	PrimaryExpression	"""begin"""		2845335	0					
ANR	2845502	GotoStatement	goto cleanup ;	83:8:1179:1191	2845335	1	True				
ANR	2845503	Identifier	cleanup		2845335	0					
ANR	2845504	ExpressionStatement	"ret = cpu_get_dump_info ( & s -> dump_info , & s -> guest_phys_blocks )"	97:4:1368:1429	2845335	21	True				
ANR	2845505	AssignmentExpression	"ret = cpu_get_dump_info ( & s -> dump_info , & s -> guest_phys_blocks )"		2845335	0		=			
ANR	2845506	Identifier	ret		2845335	0					
ANR	2845507	CallExpression	"cpu_get_dump_info ( & s -> dump_info , & s -> guest_phys_blocks )"		2845335	1					
ANR	2845508	Callee	cpu_get_dump_info		2845335	0					
ANR	2845509	Identifier	cpu_get_dump_info		2845335	0					
ANR	2845510	ArgumentList	& s -> dump_info		2845335	1					
ANR	2845511	Argument	& s -> dump_info		2845335	0					
ANR	2845512	UnaryOperationExpression	& s -> dump_info		2845335	0					
ANR	2845513	UnaryOperator	&		2845335	0					
ANR	2845514	PtrMemberAccess	s -> dump_info		2845335	1					
ANR	2845515	Identifier	s		2845335	0					
ANR	2845516	Identifier	dump_info		2845335	1					
ANR	2845517	Argument	& s -> guest_phys_blocks		2845335	1					
ANR	2845518	UnaryOperationExpression	& s -> guest_phys_blocks		2845335	0					
ANR	2845519	UnaryOperator	&		2845335	0					
ANR	2845520	PtrMemberAccess	s -> guest_phys_blocks		2845335	1					
ANR	2845521	Identifier	s		2845335	0					
ANR	2845522	Identifier	guest_phys_blocks		2845335	1					
ANR	2845523	IfStatement	if ( ret < 0 )		2845335	22					
ANR	2845524	Condition	ret < 0	99:8:1440:1446	2845335	0	True				
ANR	2845525	RelationalExpression	ret < 0		2845335	0		<			
ANR	2845526	Identifier	ret		2845335	0					
ANR	2845527	PrimaryExpression	0		2845335	1					
ANR	2845528	CompoundStatement		93:17:1238:1238	2845335	1					
ANR	2845529	ExpressionStatement	"error_set ( errp , QERR_UNSUPPORTED )"	101:8:1460:1493	2845335	0	True				
ANR	2845530	CallExpression	"error_set ( errp , QERR_UNSUPPORTED )"		2845335	0					
ANR	2845531	Callee	error_set		2845335	0					
ANR	2845532	Identifier	error_set		2845335	0					
ANR	2845533	ArgumentList	errp		2845335	1					
ANR	2845534	Argument	errp		2845335	0					
ANR	2845535	Identifier	errp		2845335	0					
ANR	2845536	Argument	QERR_UNSUPPORTED		2845335	1					
ANR	2845537	Identifier	QERR_UNSUPPORTED		2845335	0					
ANR	2845538	GotoStatement	goto cleanup ;	103:8:1504:1516	2845335	1	True				
ANR	2845539	Identifier	cleanup		2845335	0					
ANR	2845540	ExpressionStatement	"s -> note_size = cpu_get_note_size ( s -> dump_info . d_class , s -> dump_info . d_machine , nr_cpus )"	109:4:1532:1657	2845335	23	True				
ANR	2845541	AssignmentExpression	"s -> note_size = cpu_get_note_size ( s -> dump_info . d_class , s -> dump_info . d_machine , nr_cpus )"		2845335	0		=			
ANR	2845542	PtrMemberAccess	s -> note_size		2845335	0					
ANR	2845543	Identifier	s		2845335	0					
ANR	2845544	Identifier	note_size		2845335	1					
ANR	2845545	CallExpression	"cpu_get_note_size ( s -> dump_info . d_class , s -> dump_info . d_machine , nr_cpus )"		2845335	1					
ANR	2845546	Callee	cpu_get_note_size		2845335	0					
ANR	2845547	Identifier	cpu_get_note_size		2845335	0					
ANR	2845548	ArgumentList	s -> dump_info . d_class		2845335	1					
ANR	2845549	Argument	s -> dump_info . d_class		2845335	0					
ANR	2845550	MemberAccess	s -> dump_info . d_class		2845335	0					
ANR	2845551	PtrMemberAccess	s -> dump_info		2845335	0					
ANR	2845552	Identifier	s		2845335	0					
ANR	2845553	Identifier	dump_info		2845335	1					
ANR	2845554	Identifier	d_class		2845335	1					
ANR	2845555	Argument	s -> dump_info . d_machine		2845335	1					
ANR	2845556	MemberAccess	s -> dump_info . d_machine		2845335	0					
ANR	2845557	PtrMemberAccess	s -> dump_info		2845335	0					
ANR	2845558	Identifier	s		2845335	0					
ANR	2845559	Identifier	dump_info		2845335	1					
ANR	2845560	Identifier	d_machine		2845335	1					
ANR	2845561	Argument	nr_cpus		2845335	2					
ANR	2845562	Identifier	nr_cpus		2845335	0					
ANR	2845563	IfStatement	if ( s -> note_size < 0 )		2845335	24					
ANR	2845564	Condition	s -> note_size < 0	113:8:1668:1683	2845335	0	True				
ANR	2845565	RelationalExpression	s -> note_size < 0		2845335	0		<			
ANR	2845566	PtrMemberAccess	s -> note_size		2845335	0					
ANR	2845567	Identifier	s		2845335	0					
ANR	2845568	Identifier	note_size		2845335	1					
ANR	2845569	PrimaryExpression	0		2845335	1					
ANR	2845570	CompoundStatement		107:26:1475:1475	2845335	1					
ANR	2845571	ExpressionStatement	"error_set ( errp , QERR_UNSUPPORTED )"	115:8:1697:1730	2845335	0	True				
ANR	2845572	CallExpression	"error_set ( errp , QERR_UNSUPPORTED )"		2845335	0					
ANR	2845573	Callee	error_set		2845335	0					
ANR	2845574	Identifier	error_set		2845335	0					
ANR	2845575	ArgumentList	errp		2845335	1					
ANR	2845576	Argument	errp		2845335	0					
ANR	2845577	Identifier	errp		2845335	0					
ANR	2845578	Argument	QERR_UNSUPPORTED		2845335	1					
ANR	2845579	Identifier	QERR_UNSUPPORTED		2845335	0					
ANR	2845580	GotoStatement	goto cleanup ;	117:8:1741:1753	2845335	1	True				
ANR	2845581	Identifier	cleanup		2845335	0					
ANR	2845582	ExpressionStatement	memory_mapping_list_init ( & s -> list )	125:4:1799:1833	2845335	25	True				
ANR	2845583	CallExpression	memory_mapping_list_init ( & s -> list )		2845335	0					
ANR	2845584	Callee	memory_mapping_list_init		2845335	0					
ANR	2845585	Identifier	memory_mapping_list_init		2845335	0					
ANR	2845586	ArgumentList	& s -> list		2845335	1					
ANR	2845587	Argument	& s -> list		2845335	0					
ANR	2845588	UnaryOperationExpression	& s -> list		2845335	0					
ANR	2845589	UnaryOperator	&		2845335	0					
ANR	2845590	PtrMemberAccess	s -> list		2845335	1					
ANR	2845591	Identifier	s		2845335	0					
ANR	2845592	Identifier	list		2845335	1					
ANR	2845593	IfStatement	if ( paging )		2845335	26					
ANR	2845594	Condition	paging	127:8:1844:1849	2845335	0	True				
ANR	2845595	Identifier	paging		2845335	0					
ANR	2845596	CompoundStatement		121:16:1641:1641	2845335	1					
ANR	2845597	ExpressionStatement	"qemu_get_guest_memory_mapping ( & s -> list , & s -> guest_phys_blocks , & err )"	129:8:1863:1931	2845335	0	True				
ANR	2845598	CallExpression	"qemu_get_guest_memory_mapping ( & s -> list , & s -> guest_phys_blocks , & err )"		2845335	0					
ANR	2845599	Callee	qemu_get_guest_memory_mapping		2845335	0					
ANR	2845600	Identifier	qemu_get_guest_memory_mapping		2845335	0					
ANR	2845601	ArgumentList	& s -> list		2845335	1					
ANR	2845602	Argument	& s -> list		2845335	0					
ANR	2845603	UnaryOperationExpression	& s -> list		2845335	0					
ANR	2845604	UnaryOperator	&		2845335	0					
ANR	2845605	PtrMemberAccess	s -> list		2845335	1					
ANR	2845606	Identifier	s		2845335	0					
ANR	2845607	Identifier	list		2845335	1					
ANR	2845608	Argument	& s -> guest_phys_blocks		2845335	1					
ANR	2845609	UnaryOperationExpression	& s -> guest_phys_blocks		2845335	0					
ANR	2845610	UnaryOperator	&		2845335	0					
ANR	2845611	PtrMemberAccess	s -> guest_phys_blocks		2845335	1					
ANR	2845612	Identifier	s		2845335	0					
ANR	2845613	Identifier	guest_phys_blocks		2845335	1					
ANR	2845614	Argument	& err		2845335	2					
ANR	2845615	UnaryOperationExpression	& err		2845335	0					
ANR	2845616	UnaryOperator	&		2845335	0					
ANR	2845617	Identifier	err		2845335	1					
ANR	2845618	IfStatement	if ( err != NULL )		2845335	1					
ANR	2845619	Condition	err != NULL	131:12:1946:1956	2845335	0	True				
ANR	2845620	EqualityExpression	err != NULL		2845335	0		!=			
ANR	2845621	Identifier	err		2845335	0					
ANR	2845622	Identifier	NULL		2845335	1					
ANR	2845623	CompoundStatement		125:25:1748:1748	2845335	1					
ANR	2845624	ExpressionStatement	"error_propagate ( errp , err )"	133:12:1974:2000	2845335	0	True				
ANR	2845625	CallExpression	"error_propagate ( errp , err )"		2845335	0					
ANR	2845626	Callee	error_propagate		2845335	0					
ANR	2845627	Identifier	error_propagate		2845335	0					
ANR	2845628	ArgumentList	errp		2845335	1					
ANR	2845629	Argument	errp		2845335	0					
ANR	2845630	Identifier	errp		2845335	0					
ANR	2845631	Argument	err		2845335	1					
ANR	2845632	Identifier	err		2845335	0					
ANR	2845633	GotoStatement	goto cleanup ;	135:12:2015:2027	2845335	1	True				
ANR	2845634	Identifier	cleanup		2845335	0					
ANR	2845635	ElseStatement	else		2845335	0					
ANR	2845636	CompoundStatement		133:11:1841:1841	2845335	0					
ANR	2845637	ExpressionStatement	"qemu_get_guest_simple_memory_mapping ( & s -> list , & s -> guest_phys_blocks )"	141:8:2063:2132	2845335	0	True				
ANR	2845638	CallExpression	"qemu_get_guest_simple_memory_mapping ( & s -> list , & s -> guest_phys_blocks )"		2845335	0					
ANR	2845639	Callee	qemu_get_guest_simple_memory_mapping		2845335	0					
ANR	2845640	Identifier	qemu_get_guest_simple_memory_mapping		2845335	0					
ANR	2845641	ArgumentList	& s -> list		2845335	1					
ANR	2845642	Argument	& s -> list		2845335	0					
ANR	2845643	UnaryOperationExpression	& s -> list		2845335	0					
ANR	2845644	UnaryOperator	&		2845335	0					
ANR	2845645	PtrMemberAccess	s -> list		2845335	1					
ANR	2845646	Identifier	s		2845335	0					
ANR	2845647	Identifier	list		2845335	1					
ANR	2845648	Argument	& s -> guest_phys_blocks		2845335	1					
ANR	2845649	UnaryOperationExpression	& s -> guest_phys_blocks		2845335	0					
ANR	2845650	UnaryOperator	&		2845335	0					
ANR	2845651	PtrMemberAccess	s -> guest_phys_blocks		2845335	1					
ANR	2845652	Identifier	s		2845335	0					
ANR	2845653	Identifier	guest_phys_blocks		2845335	1					
ANR	2845654	ExpressionStatement	s -> nr_cpus = nr_cpus	147:4:2148:2168	2845335	27	True				
ANR	2845655	AssignmentExpression	s -> nr_cpus = nr_cpus		2845335	0		=			
ANR	2845656	PtrMemberAccess	s -> nr_cpus		2845335	0					
ANR	2845657	Identifier	s		2845335	0					
ANR	2845658	Identifier	nr_cpus		2845335	1					
ANR	2845659	Identifier	nr_cpus		2845335	1					
ANR	2845660	ExpressionStatement	s -> page_size = TARGET_PAGE_SIZE	149:4:2175:2206	2845335	28	True				
ANR	2845661	AssignmentExpression	s -> page_size = TARGET_PAGE_SIZE		2845335	0		=			
ANR	2845662	PtrMemberAccess	s -> page_size		2845335	0					
ANR	2845663	Identifier	s		2845335	0					
ANR	2845664	Identifier	page_size		2845335	1					
ANR	2845665	Identifier	TARGET_PAGE_SIZE		2845335	1					
ANR	2845666	ExpressionStatement	get_max_mapnr ( s )	153:4:2215:2231	2845335	29	True				
ANR	2845667	CallExpression	get_max_mapnr ( s )		2845335	0					
ANR	2845668	Callee	get_max_mapnr		2845335	0					
ANR	2845669	Identifier	get_max_mapnr		2845335	0					
ANR	2845670	ArgumentList	s		2845335	1					
ANR	2845671	Argument	s		2845335	0					
ANR	2845672	Identifier	s		2845335	0					
ANR	2845673	IdentifierDeclStatement	uint64_t tmp ;	157:4:2240:2252	2845335	30	True				
ANR	2845674	IdentifierDecl	tmp		2845335	0					
ANR	2845675	IdentifierDeclType	uint64_t		2845335	0					
ANR	2845676	Identifier	tmp		2845335	1					
ANR	2845677	ExpressionStatement	"tmp = DIV_ROUND_UP ( DIV_ROUND_UP ( s -> max_mapnr , CHAR_BIT ) , s -> page_size )"	159:4:2259:2329	2845335	31	True				
ANR	2845678	AssignmentExpression	"tmp = DIV_ROUND_UP ( DIV_ROUND_UP ( s -> max_mapnr , CHAR_BIT ) , s -> page_size )"		2845335	0		=			
ANR	2845679	Identifier	tmp		2845335	0					
ANR	2845680	CallExpression	"DIV_ROUND_UP ( DIV_ROUND_UP ( s -> max_mapnr , CHAR_BIT ) , s -> page_size )"		2845335	1					
ANR	2845681	Callee	DIV_ROUND_UP		2845335	0					
ANR	2845682	Identifier	DIV_ROUND_UP		2845335	0					
ANR	2845683	ArgumentList	"DIV_ROUND_UP ( s -> max_mapnr , CHAR_BIT )"		2845335	1					
ANR	2845684	Argument	"DIV_ROUND_UP ( s -> max_mapnr , CHAR_BIT )"		2845335	0					
ANR	2845685	CallExpression	"DIV_ROUND_UP ( s -> max_mapnr , CHAR_BIT )"		2845335	0					
ANR	2845686	Callee	DIV_ROUND_UP		2845335	0					
ANR	2845687	Identifier	DIV_ROUND_UP		2845335	0					
ANR	2845688	ArgumentList	s -> max_mapnr		2845335	1					
ANR	2845689	Argument	s -> max_mapnr		2845335	0					
ANR	2845690	PtrMemberAccess	s -> max_mapnr		2845335	0					
ANR	2845691	Identifier	s		2845335	0					
ANR	2845692	Identifier	max_mapnr		2845335	1					
ANR	2845693	Argument	CHAR_BIT		2845335	1					
ANR	2845694	Identifier	CHAR_BIT		2845335	0					
ANR	2845695	Argument	s -> page_size		2845335	1					
ANR	2845696	PtrMemberAccess	s -> page_size		2845335	0					
ANR	2845697	Identifier	s		2845335	0					
ANR	2845698	Identifier	page_size		2845335	1					
ANR	2845699	ExpressionStatement	s -> len_dump_bitmap = tmp * s -> page_size	161:4:2336:2375	2845335	32	True				
ANR	2845700	AssignmentExpression	s -> len_dump_bitmap = tmp * s -> page_size		2845335	0		=			
ANR	2845701	PtrMemberAccess	s -> len_dump_bitmap		2845335	0					
ANR	2845702	Identifier	s		2845335	0					
ANR	2845703	Identifier	len_dump_bitmap		2845335	1					
ANR	2845704	MultiplicativeExpression	tmp * s -> page_size		2845335	1		*			
ANR	2845705	Identifier	tmp		2845335	0					
ANR	2845706	PtrMemberAccess	s -> page_size		2845335	1					
ANR	2845707	Identifier	s		2845335	0					
ANR	2845708	Identifier	page_size		2845335	1					
ANR	2845709	IfStatement	if ( has_format && format != DUMP_GUEST_MEMORY_FORMAT_ELF )		2845335	33					
ANR	2845710	Condition	has_format && format != DUMP_GUEST_MEMORY_FORMAT_ELF	167:8:2432:2483	2845335	0	True				
ANR	2845711	AndExpression	has_format && format != DUMP_GUEST_MEMORY_FORMAT_ELF		2845335	0		&&			
ANR	2845712	Identifier	has_format		2845335	0					
ANR	2845713	EqualityExpression	format != DUMP_GUEST_MEMORY_FORMAT_ELF		2845335	1		!=			
ANR	2845714	Identifier	format		2845335	0					
ANR	2845715	Identifier	DUMP_GUEST_MEMORY_FORMAT_ELF		2845335	1					
ANR	2845716	CompoundStatement		161:62:2275:2275	2845335	1					
ANR	2845717	SwitchStatement	switch ( format )		2845335	0					
ANR	2845718	Condition	format	169:16:2505:2510	2845335	0	True				
ANR	2845719	Identifier	format		2845335	0					
ANR	2845720	CompoundStatement		163:24:2302:2302	2845335	1					
ANR	2845721	Label	case DUMP_GUEST_MEMORY_FORMAT_KDUMP_ZLIB :	171:8:2524:2564	2845335	0	True				
ANR	2845722	Identifier	DUMP_GUEST_MEMORY_FORMAT_KDUMP_ZLIB		2845335	0					
ANR	2845723	ExpressionStatement	s -> flag_compress = DUMP_DH_COMPRESSED_ZLIB	173:12:2579:2621	2845335	1	True				
ANR	2845724	AssignmentExpression	s -> flag_compress = DUMP_DH_COMPRESSED_ZLIB		2845335	0		=			
ANR	2845725	PtrMemberAccess	s -> flag_compress		2845335	0					
ANR	2845726	Identifier	s		2845335	0					
ANR	2845727	Identifier	flag_compress		2845335	1					
ANR	2845728	Identifier	DUMP_DH_COMPRESSED_ZLIB		2845335	1					
ANR	2845729	BreakStatement	break ;	175:12:2636:2641	2845335	2	True				
ANR	2845730	Label	case DUMP_GUEST_MEMORY_FORMAT_KDUMP_LZO :	179:8:2654:2693	2845335	3	True				
ANR	2845731	Identifier	DUMP_GUEST_MEMORY_FORMAT_KDUMP_LZO		2845335	0					
ANR	2845732	ExpressionStatement	s -> flag_compress = DUMP_DH_COMPRESSED_LZO	181:12:2708:2749	2845335	4	True				
ANR	2845733	AssignmentExpression	s -> flag_compress = DUMP_DH_COMPRESSED_LZO		2845335	0		=			
ANR	2845734	PtrMemberAccess	s -> flag_compress		2845335	0					
ANR	2845735	Identifier	s		2845335	0					
ANR	2845736	Identifier	flag_compress		2845335	1					
ANR	2845737	Identifier	DUMP_DH_COMPRESSED_LZO		2845335	1					
ANR	2845738	BreakStatement	break ;	183:12:2764:2769	2845335	5	True				
ANR	2845739	Label	case DUMP_GUEST_MEMORY_FORMAT_KDUMP_SNAPPY :	187:8:2782:2824	2845335	6	True				
ANR	2845740	Identifier	DUMP_GUEST_MEMORY_FORMAT_KDUMP_SNAPPY		2845335	0					
ANR	2845741	ExpressionStatement	s -> flag_compress = DUMP_DH_COMPRESSED_SNAPPY	189:12:2839:2883	2845335	7	True				
ANR	2845742	AssignmentExpression	s -> flag_compress = DUMP_DH_COMPRESSED_SNAPPY		2845335	0		=			
ANR	2845743	PtrMemberAccess	s -> flag_compress		2845335	0					
ANR	2845744	Identifier	s		2845335	0					
ANR	2845745	Identifier	flag_compress		2845335	1					
ANR	2845746	Identifier	DUMP_DH_COMPRESSED_SNAPPY		2845335	1					
ANR	2845747	BreakStatement	break ;	191:12:2898:2903	2845335	8	True				
ANR	2845748	Label	default :	195:8:2916:2923	2845335	9	True				
ANR	2845749	Identifier	default		2845335	0					
ANR	2845750	ExpressionStatement	s -> flag_compress = 0	197:12:2938:2958	2845335	10	True				
ANR	2845751	AssignmentExpression	s -> flag_compress = 0		2845335	0		=			
ANR	2845752	PtrMemberAccess	s -> flag_compress		2845335	0					
ANR	2845753	Identifier	s		2845335	0					
ANR	2845754	Identifier	flag_compress		2845335	1					
ANR	2845755	PrimaryExpression	0		2845335	1					
ANR	2845756	ReturnStatement	return 0 ;	203:8:2982:2990	2845335	1	True				
ANR	2845757	PrimaryExpression	0		2845335	0					
ANR	2845758	IfStatement	if ( s -> has_filter )		2845335	34					
ANR	2845759	Condition	s -> has_filter	209:8:3010:3022	2845335	0	True				
ANR	2845760	PtrMemberAccess	s -> has_filter		2845335	0					
ANR	2845761	Identifier	s		2845335	0					
ANR	2845762	Identifier	has_filter		2845335	1					
ANR	2845763	CompoundStatement		203:23:2814:2814	2845335	1					
ANR	2845764	ExpressionStatement	"memory_mapping_filter ( & s -> list , s -> begin , s -> length )"	211:8:3036:3088	2845335	0	True				
ANR	2845765	CallExpression	"memory_mapping_filter ( & s -> list , s -> begin , s -> length )"		2845335	0					
ANR	2845766	Callee	memory_mapping_filter		2845335	0					
ANR	2845767	Identifier	memory_mapping_filter		2845335	0					
ANR	2845768	ArgumentList	& s -> list		2845335	1					
ANR	2845769	Argument	& s -> list		2845335	0					
ANR	2845770	UnaryOperationExpression	& s -> list		2845335	0					
ANR	2845771	UnaryOperator	&		2845335	0					
ANR	2845772	PtrMemberAccess	s -> list		2845335	1					
ANR	2845773	Identifier	s		2845335	0					
ANR	2845774	Identifier	list		2845335	1					
ANR	2845775	Argument	s -> begin		2845335	1					
ANR	2845776	PtrMemberAccess	s -> begin		2845335	0					
ANR	2845777	Identifier	s		2845335	0					
ANR	2845778	Identifier	begin		2845335	1					
ANR	2845779	Argument	s -> length		2845335	2					
ANR	2845780	PtrMemberAccess	s -> length		2845335	0					
ANR	2845781	Identifier	s		2845335	0					
ANR	2845782	Identifier	length		2845335	1					
ANR	2845783	ExpressionStatement	s -> phdr_num = 1	227:4:3231:3246	2845335	35	True				
ANR	2845784	AssignmentExpression	s -> phdr_num = 1		2845335	0		=			
ANR	2845785	PtrMemberAccess	s -> phdr_num		2845335	0					
ANR	2845786	Identifier	s		2845335	0					
ANR	2845787	Identifier	phdr_num		2845335	1					
ANR	2845788	PrimaryExpression	1		2845335	1					
ANR	2845789	IfStatement	if ( s -> list . num < UINT16_MAX - 2 )		2845335	36					
ANR	2845790	Condition	s -> list . num < UINT16_MAX - 2	229:8:3271:3298	2845335	0	True				
ANR	2845791	RelationalExpression	s -> list . num < UINT16_MAX - 2		2845335	0		<			
ANR	2845792	MemberAccess	s -> list . num		2845335	0					
ANR	2845793	PtrMemberAccess	s -> list		2845335	0					
ANR	2845794	Identifier	s		2845335	0					
ANR	2845795	Identifier	list		2845335	1					
ANR	2845796	Identifier	num		2845335	1					
ANR	2845797	AdditiveExpression	UINT16_MAX - 2		2845335	1		-			
ANR	2845798	Identifier	UINT16_MAX		2845335	0					
ANR	2845799	PrimaryExpression	2		2845335	1					
ANR	2845800	CompoundStatement		223:38:3090:3090	2845335	1					
ANR	2845801	ExpressionStatement	s -> phdr_num += s -> list . num	231:8:3312:3338	2845335	0	True				
ANR	2845802	AssignmentExpression	s -> phdr_num += s -> list . num		2845335	0		+=			
ANR	2845803	PtrMemberAccess	s -> phdr_num		2845335	0					
ANR	2845804	Identifier	s		2845335	0					
ANR	2845805	Identifier	phdr_num		2845335	1					
ANR	2845806	MemberAccess	s -> list . num		2845335	1					
ANR	2845807	PtrMemberAccess	s -> list		2845335	0					
ANR	2845808	Identifier	s		2845335	0					
ANR	2845809	Identifier	list		2845335	1					
ANR	2845810	Identifier	num		2845335	1					
ANR	2845811	ExpressionStatement	s -> have_section = false	233:8:3349:3372	2845335	1	True				
ANR	2845812	AssignmentExpression	s -> have_section = false		2845335	0		=			
ANR	2845813	PtrMemberAccess	s -> have_section		2845335	0					
ANR	2845814	Identifier	s		2845335	0					
ANR	2845815	Identifier	have_section		2845335	1					
ANR	2845816	Identifier	false		2845335	1					
ANR	2845817	ElseStatement	else		2845335	0					
ANR	2845818	CompoundStatement		229:11:3175:3175	2845335	0					
ANR	2845819	ExpressionStatement	s -> have_section = true	237:8:3397:3419	2845335	0	True				
ANR	2845820	AssignmentExpression	s -> have_section = true		2845335	0		=			
ANR	2845821	PtrMemberAccess	s -> have_section		2845335	0					
ANR	2845822	Identifier	s		2845335	0					
ANR	2845823	Identifier	have_section		2845335	1					
ANR	2845824	Identifier	true		2845335	1					
ANR	2845825	ExpressionStatement	s -> phdr_num = PN_XNUM	239:8:3430:3451	2845335	1	True				
ANR	2845826	AssignmentExpression	s -> phdr_num = PN_XNUM		2845335	0		=			
ANR	2845827	PtrMemberAccess	s -> phdr_num		2845335	0					
ANR	2845828	Identifier	s		2845335	0					
ANR	2845829	Identifier	phdr_num		2845335	1					
ANR	2845830	Identifier	PN_XNUM		2845335	1					
ANR	2845831	ExpressionStatement	s -> sh_info = 1	241:8:3462:3476	2845335	2	True				
ANR	2845832	AssignmentExpression	s -> sh_info = 1		2845335	0		=			
ANR	2845833	PtrMemberAccess	s -> sh_info		2845335	0					
ANR	2845834	Identifier	s		2845335	0					
ANR	2845835	Identifier	sh_info		2845335	1					
ANR	2845836	PrimaryExpression	1		2845335	1					
ANR	2845837	IfStatement	if ( s -> list . num <= UINT32_MAX - 1 )		2845335	3					
ANR	2845838	Condition	s -> list . num <= UINT32_MAX - 1	247:12:3589:3617	2845335	0	True				
ANR	2845839	RelationalExpression	s -> list . num <= UINT32_MAX - 1		2845335	0		<=			
ANR	2845840	MemberAccess	s -> list . num		2845335	0					
ANR	2845841	PtrMemberAccess	s -> list		2845335	0					
ANR	2845842	Identifier	s		2845335	0					
ANR	2845843	Identifier	list		2845335	1					
ANR	2845844	Identifier	num		2845335	1					
ANR	2845845	AdditiveExpression	UINT32_MAX - 1		2845335	1		-			
ANR	2845846	Identifier	UINT32_MAX		2845335	0					
ANR	2845847	PrimaryExpression	1		2845335	1					
ANR	2845848	CompoundStatement		241:43:3409:3409	2845335	1					
ANR	2845849	ExpressionStatement	s -> sh_info += s -> list . num	249:12:3635:3660	2845335	0	True				
ANR	2845850	AssignmentExpression	s -> sh_info += s -> list . num		2845335	0		+=			
ANR	2845851	PtrMemberAccess	s -> sh_info		2845335	0					
ANR	2845852	Identifier	s		2845335	0					
ANR	2845853	Identifier	sh_info		2845335	1					
ANR	2845854	MemberAccess	s -> list . num		2845335	1					
ANR	2845855	PtrMemberAccess	s -> list		2845335	0					
ANR	2845856	Identifier	s		2845335	0					
ANR	2845857	Identifier	list		2845335	1					
ANR	2845858	Identifier	num		2845335	1					
ANR	2845859	ElseStatement	else		2845335	0					
ANR	2845860	CompoundStatement		245:15:3467:3467	2845335	0					
ANR	2845861	ExpressionStatement	s -> sh_info = UINT32_MAX	253:12:3693:3716	2845335	0	True				
ANR	2845862	AssignmentExpression	s -> sh_info = UINT32_MAX		2845335	0		=			
ANR	2845863	PtrMemberAccess	s -> sh_info		2845335	0					
ANR	2845864	Identifier	s		2845335	0					
ANR	2845865	Identifier	sh_info		2845335	1					
ANR	2845866	Identifier	UINT32_MAX		2845335	1					
ANR	2845867	IfStatement	if ( s -> dump_info . d_class == ELFCLASS64 )		2845335	37					
ANR	2845868	Condition	s -> dump_info . d_class == ELFCLASS64	261:8:3747:3780	2845335	0	True				
ANR	2845869	EqualityExpression	s -> dump_info . d_class == ELFCLASS64		2845335	0		==			
ANR	2845870	MemberAccess	s -> dump_info . d_class		2845335	0					
ANR	2845871	PtrMemberAccess	s -> dump_info		2845335	0					
ANR	2845872	Identifier	s		2845335	0					
ANR	2845873	Identifier	dump_info		2845335	1					
ANR	2845874	Identifier	d_class		2845335	1					
ANR	2845875	Identifier	ELFCLASS64		2845335	1					
ANR	2845876	CompoundStatement		255:44:3572:3572	2845335	1					
ANR	2845877	IfStatement	if ( s -> have_section )		2845335	0					
ANR	2845878	Condition	s -> have_section	263:12:3798:3812	2845335	0	True				
ANR	2845879	PtrMemberAccess	s -> have_section		2845335	0					
ANR	2845880	Identifier	s		2845335	0					
ANR	2845881	Identifier	have_section		2845335	1					
ANR	2845882	CompoundStatement		257:29:3604:3604	2845335	1					
ANR	2845883	ExpressionStatement	s -> memory_offset = sizeof ( Elf64_Ehdr ) + sizeof ( Elf64_Phdr ) * s -> sh_info + sizeof ( Elf64_Shdr ) + s -> note_size	265:12:3830:4001	2845335	0	True				
ANR	2845884	AssignmentExpression	s -> memory_offset = sizeof ( Elf64_Ehdr ) + sizeof ( Elf64_Phdr ) * s -> sh_info + sizeof ( Elf64_Shdr ) + s -> note_size		2845335	0		=			
ANR	2845885	PtrMemberAccess	s -> memory_offset		2845335	0					
ANR	2845886	Identifier	s		2845335	0					
ANR	2845887	Identifier	memory_offset		2845335	1					
ANR	2845888	AdditiveExpression	sizeof ( Elf64_Ehdr ) + sizeof ( Elf64_Phdr ) * s -> sh_info + sizeof ( Elf64_Shdr ) + s -> note_size		2845335	1		+			
ANR	2845889	SizeofExpression	sizeof ( Elf64_Ehdr )		2845335	0					
ANR	2845890	Sizeof	sizeof		2845335	0					
ANR	2845891	SizeofOperand	Elf64_Ehdr		2845335	1					
ANR	2845892	AdditiveExpression	sizeof ( Elf64_Phdr ) * s -> sh_info + sizeof ( Elf64_Shdr ) + s -> note_size		2845335	1		+			
ANR	2845893	MultiplicativeExpression	sizeof ( Elf64_Phdr ) * s -> sh_info		2845335	0		*			
ANR	2845894	SizeofExpression	sizeof ( Elf64_Phdr )		2845335	0					
ANR	2845895	Sizeof	sizeof		2845335	0					
ANR	2845896	SizeofOperand	Elf64_Phdr		2845335	1					
ANR	2845897	PtrMemberAccess	s -> sh_info		2845335	1					
ANR	2845898	Identifier	s		2845335	0					
ANR	2845899	Identifier	sh_info		2845335	1					
ANR	2845900	AdditiveExpression	sizeof ( Elf64_Shdr ) + s -> note_size		2845335	1		+			
ANR	2845901	SizeofExpression	sizeof ( Elf64_Shdr )		2845335	0					
ANR	2845902	Sizeof	sizeof		2845335	0					
ANR	2845903	SizeofOperand	Elf64_Shdr		2845335	1					
ANR	2845904	PtrMemberAccess	s -> note_size		2845335	1					
ANR	2845905	Identifier	s		2845335	0					
ANR	2845906	Identifier	note_size		2845335	1					
ANR	2845907	ElseStatement	else		2845335	0					
ANR	2845908	CompoundStatement		265:15:3808:3808	2845335	0					
ANR	2845909	ExpressionStatement	s -> memory_offset = sizeof ( Elf64_Ehdr ) + sizeof ( Elf64_Phdr ) * s -> phdr_num + s -> note_size	273:12:4034:4153	2845335	0	True				
ANR	2845910	AssignmentExpression	s -> memory_offset = sizeof ( Elf64_Ehdr ) + sizeof ( Elf64_Phdr ) * s -> phdr_num + s -> note_size		2845335	0		=			
ANR	2845911	PtrMemberAccess	s -> memory_offset		2845335	0					
ANR	2845912	Identifier	s		2845335	0					
ANR	2845913	Identifier	memory_offset		2845335	1					
ANR	2845914	AdditiveExpression	sizeof ( Elf64_Ehdr ) + sizeof ( Elf64_Phdr ) * s -> phdr_num + s -> note_size		2845335	1		+			
ANR	2845915	SizeofExpression	sizeof ( Elf64_Ehdr )		2845335	0					
ANR	2845916	Sizeof	sizeof		2845335	0					
ANR	2845917	SizeofOperand	Elf64_Ehdr		2845335	1					
ANR	2845918	AdditiveExpression	sizeof ( Elf64_Phdr ) * s -> phdr_num + s -> note_size		2845335	1		+			
ANR	2845919	MultiplicativeExpression	sizeof ( Elf64_Phdr ) * s -> phdr_num		2845335	0		*			
ANR	2845920	SizeofExpression	sizeof ( Elf64_Phdr )		2845335	0					
ANR	2845921	Sizeof	sizeof		2845335	0					
ANR	2845922	SizeofOperand	Elf64_Phdr		2845335	1					
ANR	2845923	PtrMemberAccess	s -> phdr_num		2845335	1					
ANR	2845924	Identifier	s		2845335	0					
ANR	2845925	Identifier	phdr_num		2845335	1					
ANR	2845926	PtrMemberAccess	s -> note_size		2845335	1					
ANR	2845927	Identifier	s		2845335	0					
ANR	2845928	Identifier	note_size		2845335	1					
ANR	2845929	ElseStatement	else		2845335	0					
ANR	2845930	CompoundStatement		273:11:3967:3967	2845335	0					
ANR	2845931	IfStatement	if ( s -> have_section )		2845335	0					
ANR	2845932	Condition	s -> have_section	281:12:4193:4207	2845335	0	True				
ANR	2845933	PtrMemberAccess	s -> have_section		2845335	0					
ANR	2845934	Identifier	s		2845335	0					
ANR	2845935	Identifier	have_section		2845335	1					
ANR	2845936	CompoundStatement		275:29:3999:3999	2845335	1					
ANR	2845937	ExpressionStatement	s -> memory_offset = sizeof ( Elf32_Ehdr ) + sizeof ( Elf32_Phdr ) * s -> sh_info + sizeof ( Elf32_Shdr ) + s -> note_size	283:12:4225:4396	2845335	0	True				
ANR	2845938	AssignmentExpression	s -> memory_offset = sizeof ( Elf32_Ehdr ) + sizeof ( Elf32_Phdr ) * s -> sh_info + sizeof ( Elf32_Shdr ) + s -> note_size		2845335	0		=			
ANR	2845939	PtrMemberAccess	s -> memory_offset		2845335	0					
ANR	2845940	Identifier	s		2845335	0					
ANR	2845941	Identifier	memory_offset		2845335	1					
ANR	2845942	AdditiveExpression	sizeof ( Elf32_Ehdr ) + sizeof ( Elf32_Phdr ) * s -> sh_info + sizeof ( Elf32_Shdr ) + s -> note_size		2845335	1		+			
ANR	2845943	SizeofExpression	sizeof ( Elf32_Ehdr )		2845335	0					
ANR	2845944	Sizeof	sizeof		2845335	0					
ANR	2845945	SizeofOperand	Elf32_Ehdr		2845335	1					
ANR	2845946	AdditiveExpression	sizeof ( Elf32_Phdr ) * s -> sh_info + sizeof ( Elf32_Shdr ) + s -> note_size		2845335	1		+			
ANR	2845947	MultiplicativeExpression	sizeof ( Elf32_Phdr ) * s -> sh_info		2845335	0		*			
ANR	2845948	SizeofExpression	sizeof ( Elf32_Phdr )		2845335	0					
ANR	2845949	Sizeof	sizeof		2845335	0					
ANR	2845950	SizeofOperand	Elf32_Phdr		2845335	1					
ANR	2845951	PtrMemberAccess	s -> sh_info		2845335	1					
ANR	2845952	Identifier	s		2845335	0					
ANR	2845953	Identifier	sh_info		2845335	1					
ANR	2845954	AdditiveExpression	sizeof ( Elf32_Shdr ) + s -> note_size		2845335	1		+			
ANR	2845955	SizeofExpression	sizeof ( Elf32_Shdr )		2845335	0					
ANR	2845956	Sizeof	sizeof		2845335	0					
ANR	2845957	SizeofOperand	Elf32_Shdr		2845335	1					
ANR	2845958	PtrMemberAccess	s -> note_size		2845335	1					
ANR	2845959	Identifier	s		2845335	0					
ANR	2845960	Identifier	note_size		2845335	1					
ANR	2845961	ElseStatement	else		2845335	0					
ANR	2845962	CompoundStatement		283:15:4203:4203	2845335	0					
ANR	2845963	ExpressionStatement	s -> memory_offset = sizeof ( Elf32_Ehdr ) + sizeof ( Elf32_Phdr ) * s -> phdr_num + s -> note_size	291:12:4429:4548	2845335	0	True				
ANR	2845964	AssignmentExpression	s -> memory_offset = sizeof ( Elf32_Ehdr ) + sizeof ( Elf32_Phdr ) * s -> phdr_num + s -> note_size		2845335	0		=			
ANR	2845965	PtrMemberAccess	s -> memory_offset		2845335	0					
ANR	2845966	Identifier	s		2845335	0					
ANR	2845967	Identifier	memory_offset		2845335	1					
ANR	2845968	AdditiveExpression	sizeof ( Elf32_Ehdr ) + sizeof ( Elf32_Phdr ) * s -> phdr_num + s -> note_size		2845335	1		+			
ANR	2845969	SizeofExpression	sizeof ( Elf32_Ehdr )		2845335	0					
ANR	2845970	Sizeof	sizeof		2845335	0					
ANR	2845971	SizeofOperand	Elf32_Ehdr		2845335	1					
ANR	2845972	AdditiveExpression	sizeof ( Elf32_Phdr ) * s -> phdr_num + s -> note_size		2845335	1		+			
ANR	2845973	MultiplicativeExpression	sizeof ( Elf32_Phdr ) * s -> phdr_num		2845335	0		*			
ANR	2845974	SizeofExpression	sizeof ( Elf32_Phdr )		2845335	0					
ANR	2845975	Sizeof	sizeof		2845335	0					
ANR	2845976	SizeofOperand	Elf32_Phdr		2845335	1					
ANR	2845977	PtrMemberAccess	s -> phdr_num		2845335	1					
ANR	2845978	Identifier	s		2845335	0					
ANR	2845979	Identifier	phdr_num		2845335	1					
ANR	2845980	PtrMemberAccess	s -> note_size		2845335	1					
ANR	2845981	Identifier	s		2845335	0					
ANR	2845982	Identifier	note_size		2845335	1					
ANR	2845983	ReturnStatement	return 0 ;	301:4:4575:4583	2845335	38	True				
ANR	2845984	PrimaryExpression	0		2845335	0					
ANR	2845985	Label	cleanup :	305:0:4588:4595	2845335	39	True				
ANR	2845986	Identifier	cleanup		2845335	0					
ANR	2845987	ExpressionStatement	guest_phys_blocks_free ( & s -> guest_phys_blocks )	307:4:4602:4647	2845335	40	True				
ANR	2845988	CallExpression	guest_phys_blocks_free ( & s -> guest_phys_blocks )		2845335	0					
ANR	2845989	Callee	guest_phys_blocks_free		2845335	0					
ANR	2845990	Identifier	guest_phys_blocks_free		2845335	0					
ANR	2845991	ArgumentList	& s -> guest_phys_blocks		2845335	1					
ANR	2845992	Argument	& s -> guest_phys_blocks		2845335	0					
ANR	2845993	UnaryOperationExpression	& s -> guest_phys_blocks		2845335	0					
ANR	2845994	UnaryOperator	&		2845335	0					
ANR	2845995	PtrMemberAccess	s -> guest_phys_blocks		2845335	1					
ANR	2845996	Identifier	s		2845335	0					
ANR	2845997	Identifier	guest_phys_blocks		2845335	1					
ANR	2845998	IfStatement	if ( s -> resume )		2845335	41					
ANR	2845999	Condition	s -> resume	311:8:4660:4668	2845335	0	True				
ANR	2846000	PtrMemberAccess	s -> resume		2845335	0					
ANR	2846001	Identifier	s		2845335	0					
ANR	2846002	Identifier	resume		2845335	1					
ANR	2846003	CompoundStatement		305:19:4460:4460	2845335	1					
ANR	2846004	ExpressionStatement	vm_start ( )	313:8:4682:4692	2845335	0	True				
ANR	2846005	CallExpression	vm_start ( )		2845335	0					
ANR	2846006	Callee	vm_start		2845335	0					
ANR	2846007	Identifier	vm_start		2845335	0					
ANR	2846008	ArgumentList			2845335	1					
ANR	2846009	ReturnStatement	return - 1 ;	319:4:4708:4717	2845335	42	True				
ANR	2846010	UnaryOperationExpression	- 1		2845335	0					
ANR	2846011	UnaryOperator	-		2845335	0					
ANR	2846012	PrimaryExpression	1		2845335	1					
ANR	2846013	ReturnType	static int		2845335	1					
ANR	2846014	Identifier	dump_init		2845335	2					
ANR	2846015	ParameterList	"DumpState * s , int fd , bool has_format , DumpGuestMemoryFormat format , bool paging , bool has_filter , int64_t begin , int64_t length , Error * * errp"		2845335	3					
ANR	2846016	Parameter	DumpState * s	1:21:21:32	2845335	0	True				
ANR	2846017	ParameterType	DumpState *		2845335	0					
ANR	2846018	Identifier	s		2845335	1					
ANR	2846019	Parameter	int fd	1:35:35:40	2845335	1	True				
ANR	2846020	ParameterType	int		2845335	0					
ANR	2846021	Identifier	fd		2845335	1					
ANR	2846022	Parameter	bool has_format	1:43:43:57	2845335	2	True				
ANR	2846023	ParameterType	bool		2845335	0					
ANR	2846024	Identifier	has_format		2845335	1					
ANR	2846025	Parameter	DumpGuestMemoryFormat format	3:21:82:109	2845335	3	True				
ANR	2846026	ParameterType	DumpGuestMemoryFormat		2845335	0					
ANR	2846027	Identifier	format		2845335	1					
ANR	2846028	Parameter	bool paging	3:51:112:122	2845335	4	True				
ANR	2846029	ParameterType	bool		2845335	0					
ANR	2846030	Identifier	paging		2845335	1					
ANR	2846031	Parameter	bool has_filter	3:64:125:139	2845335	5	True				
ANR	2846032	ParameterType	bool		2845335	0					
ANR	2846033	Identifier	has_filter		2845335	1					
ANR	2846034	Parameter	int64_t begin	5:21:164:176	2845335	6	True				
ANR	2846035	ParameterType	int64_t		2845335	0					
ANR	2846036	Identifier	begin		2845335	1					
ANR	2846037	Parameter	int64_t length	5:36:179:192	2845335	7	True				
ANR	2846038	ParameterType	int64_t		2845335	0					
ANR	2846039	Identifier	length		2845335	1					
ANR	2846040	Parameter	Error * * errp	5:52:195:206	2845335	8	True				
ANR	2846041	ParameterType	Error * *		2845335	0					
ANR	2846042	Identifier	errp		2845335	1					
ANR	2846043	CFGEntryNode	ENTRY		2845335		True				
ANR	2846044	CFGExitNode	EXIT		2845335		True				
ANR	2846045	Symbol	s -> dump_info . d_class		2845335						
ANR	2846046	Symbol	s -> memory_offset		2845335						
ANR	2846047	Symbol	errp		2845335						
ANR	2846048	Symbol	DIV_ROUND_UP		2845335						
ANR	2846049	Symbol	has_format		2845335						
ANR	2846050	Symbol	s -> len_dump_bitmap		2845335						
ANR	2846051	Symbol	s -> phdr_num		2845335						
ANR	2846052	Symbol	s -> begin		2845335						
ANR	2846053	Symbol	runstate_is_running		2845335						
ANR	2846054	Symbol	tmp		2845335						
ANR	2846055	Symbol	s -> length		2845335						
ANR	2846056	Symbol	s -> max_mapnr		2845335						
ANR	2846057	Symbol	s -> list		2845335						
ANR	2846058	Symbol	s -> resume		2845335						
ANR	2846059	Symbol	ret		2845335						
ANR	2846060	Symbol	s -> nr_cpus		2845335						
ANR	2846061	Symbol	NULL		2845335						
ANR	2846062	Symbol	format		2845335						
ANR	2846063	Symbol	& s -> dump_info		2845335						
ANR	2846064	Symbol	cpu		2845335						
ANR	2846065	Symbol	TARGET_PAGE_SIZE		2845335						
ANR	2846066	Symbol	paging		2845335						
ANR	2846067	Symbol	s -> have_section		2845335						
ANR	2846068	Symbol	DUMP_DH_COMPRESSED_ZLIB		2845335						
ANR	2846069	Symbol	true		2845335						
ANR	2846070	Symbol	& s -> list		2845335						
ANR	2846071	Symbol	nr_cpus		2845335						
ANR	2846072	Symbol	begin		2845335						
ANR	2846073	Symbol	fd		2845335						
ANR	2846074	Symbol	s -> fd		2845335						
ANR	2846075	Symbol	DUMP_GUEST_MEMORY_FORMAT_ELF		2845335						
ANR	2846076	Symbol	UINT32_MAX		2845335						
ANR	2846077	Symbol	cpu_get_note_size		2845335						
ANR	2846078	Symbol	& s -> guest_phys_blocks		2845335						
ANR	2846079	Symbol	s -> start		2845335						
ANR	2846080	Symbol	RUN_STATE_SAVE_VM		2845335						
ANR	2846081	Symbol	DUMP_DH_COMPRESSED_LZO		2845335						
ANR	2846082	Symbol	& err		2845335						
ANR	2846083	Symbol	s -> has_filter		2845335						
ANR	2846084	Symbol	CHAR_BIT		2845335						
ANR	2846085	Symbol	QERR_INVALID_PARAMETER		2845335						
ANR	2846086	Symbol	UINT16_MAX		2845335						
ANR	2846087	Symbol	get_start_block		2845335						
ANR	2846088	Symbol	QERR_UNSUPPORTED		2845335						
ANR	2846089	Symbol	s -> dump_info . d_machine		2845335						
ANR	2846090	Symbol	s -> list . num		2845335						
ANR	2846091	Symbol	has_filter		2845335						
ANR	2846092	Symbol	PN_XNUM		2845335						
ANR	2846093	Symbol	s -> sh_info		2845335						
ANR	2846094	Symbol	err		2845335						
ANR	2846095	Symbol	cpu_get_dump_info		2845335						
ANR	2846096	Symbol	length		2845335						
ANR	2846097	Symbol	false		2845335						
ANR	2846098	Symbol	ELFCLASS64		2845335						
ANR	2846099	Symbol	DUMP_DH_COMPRESSED_SNAPPY		2845335						
ANR	2846100	Symbol	s		2845335						
ANR	2846101	Symbol	s -> dump_info		2845335						
ANR	2846102	Symbol	s -> page_size		2845335						
ANR	2846103	Symbol	s -> note_size		2845335						
ANR	2846104	Symbol	* s		2845335						
ANR	2846105	Symbol	s -> flag_compress		2845335						
