start	end	type	var
77871	77872	DECLARES	
77873	77874	DECLARES	
77879	77880	IS_AST_PARENT	
77879	77881	IS_AST_PARENT	
77882	77883	IS_AST_PARENT	
77885	77886	IS_AST_PARENT	
77884	77885	IS_AST_PARENT	
77884	77887	IS_AST_PARENT	
77882	77884	IS_AST_PARENT	
77879	77882	IS_AST_PARENT	
77878	77879	IS_AST_PARENT	
77877	77878	IS_AST_PARENT	
77890	77891	IS_AST_PARENT	
77890	77892	IS_AST_PARENT	
77889	77890	IS_AST_PARENT	
77888	77889	IS_AST_PARENT	
77896	77897	IS_AST_PARENT	
77896	77898	IS_AST_PARENT	
77895	77896	IS_AST_PARENT	
77895	77899	IS_AST_PARENT	
77894	77895	IS_AST_PARENT	
77893	77894	IS_AST_PARENT	
77888	77893	IS_AST_PARENT	
77877	77888	IS_AST_PARENT	
77902	77903	IS_AST_PARENT	
77902	77904	IS_AST_PARENT	
77901	77902	IS_AST_PARENT	
77900	77901	IS_AST_PARENT	
77908	77909	IS_AST_PARENT	
77908	77910	IS_AST_PARENT	
77907	77908	IS_AST_PARENT	
77912	77913	IS_AST_PARENT	
77912	77914	IS_AST_PARENT	
77911	77912	IS_AST_PARENT	
77911	77915	IS_AST_PARENT	
77907	77911	IS_AST_PARENT	
77906	77907	IS_AST_PARENT	
77905	77906	IS_AST_PARENT	
77918	77919	IS_AST_PARENT	
77918	77920	IS_AST_PARENT	
77917	77918	IS_AST_PARENT	
77922	77923	IS_AST_PARENT	
77922	77924	IS_AST_PARENT	
77921	77922	IS_AST_PARENT	
77921	77925	IS_AST_PARENT	
77917	77921	IS_AST_PARENT	
77916	77917	IS_AST_PARENT	
77905	77916	IS_AST_PARENT	
77928	77929	IS_AST_PARENT	
77928	77930	IS_AST_PARENT	
77927	77928	IS_AST_PARENT	
77927	77931	IS_AST_PARENT	
77926	77927	IS_AST_PARENT	
77905	77926	IS_AST_PARENT	
77934	77935	IS_AST_PARENT	
77934	77936	IS_AST_PARENT	
77933	77934	IS_AST_PARENT	
77933	77937	IS_AST_PARENT	
77932	77933	IS_AST_PARENT	
77905	77932	IS_AST_PARENT	
77940	77941	IS_AST_PARENT	
77940	77942	IS_AST_PARENT	
77939	77940	IS_AST_PARENT	
77939	77943	IS_AST_PARENT	
77938	77939	IS_AST_PARENT	
77905	77938	IS_AST_PARENT	
77946	77947	IS_AST_PARENT	
77946	77948	IS_AST_PARENT	
77945	77946	IS_AST_PARENT	
77945	77949	IS_AST_PARENT	
77944	77945	IS_AST_PARENT	
77905	77944	IS_AST_PARENT	
77952	77953	IS_AST_PARENT	
77952	77954	IS_AST_PARENT	
77951	77952	IS_AST_PARENT	
77950	77951	IS_AST_PARENT	
77958	77959	IS_AST_PARENT	
77958	77960	IS_AST_PARENT	
77957	77958	IS_AST_PARENT	
77957	77961	IS_AST_PARENT	
77956	77957	IS_AST_PARENT	
77955	77956	IS_AST_PARENT	
77964	77965	IS_AST_PARENT	
77964	77966	IS_AST_PARENT	
77963	77964	IS_AST_PARENT	
77963	77967	IS_AST_PARENT	
77962	77963	IS_AST_PARENT	
77955	77962	IS_AST_PARENT	
77970	77971	IS_AST_PARENT	
77970	77972	IS_AST_PARENT	
77969	77970	IS_AST_PARENT	
77969	77973	IS_AST_PARENT	
77968	77969	IS_AST_PARENT	
77955	77968	IS_AST_PARENT	
77976	77977	IS_AST_PARENT	
77976	77978	IS_AST_PARENT	
77975	77976	IS_AST_PARENT	
77975	77979	IS_AST_PARENT	
77974	77975	IS_AST_PARENT	
77955	77974	IS_AST_PARENT	
77982	77983	IS_AST_PARENT	
77982	77984	IS_AST_PARENT	
77981	77982	IS_AST_PARENT	
77981	77985	IS_AST_PARENT	
77980	77981	IS_AST_PARENT	
77955	77980	IS_AST_PARENT	
77988	77989	IS_AST_PARENT	
77988	77990	IS_AST_PARENT	
77987	77988	IS_AST_PARENT	
77987	77991	IS_AST_PARENT	
77986	77987	IS_AST_PARENT	
77955	77986	IS_AST_PARENT	
77994	77995	IS_AST_PARENT	
77994	77996	IS_AST_PARENT	
77993	77994	IS_AST_PARENT	
77993	77997	IS_AST_PARENT	
77992	77993	IS_AST_PARENT	
77955	77992	IS_AST_PARENT	
78000	78001	IS_AST_PARENT	
78000	78002	IS_AST_PARENT	
77999	78000	IS_AST_PARENT	
77999	78003	IS_AST_PARENT	
77998	77999	IS_AST_PARENT	
77955	77998	IS_AST_PARENT	
78006	78007	IS_AST_PARENT	
78006	78008	IS_AST_PARENT	
78005	78006	IS_AST_PARENT	
78005	78009	IS_AST_PARENT	
78004	78005	IS_AST_PARENT	
77955	78004	IS_AST_PARENT	
78012	78013	IS_AST_PARENT	
78012	78014	IS_AST_PARENT	
78011	78012	IS_AST_PARENT	
78011	78015	IS_AST_PARENT	
78010	78011	IS_AST_PARENT	
77955	78010	IS_AST_PARENT	
78018	78019	IS_AST_PARENT	
78018	78020	IS_AST_PARENT	
78017	78018	IS_AST_PARENT	
78017	78021	IS_AST_PARENT	
78016	78017	IS_AST_PARENT	
77955	78016	IS_AST_PARENT	
78024	78025	IS_AST_PARENT	
78024	78026	IS_AST_PARENT	
78023	78024	IS_AST_PARENT	
78023	78027	IS_AST_PARENT	
78022	78023	IS_AST_PARENT	
77955	78022	IS_AST_PARENT	
78030	78031	IS_AST_PARENT	
78030	78032	IS_AST_PARENT	
78029	78030	IS_AST_PARENT	
78029	78033	IS_AST_PARENT	
78028	78029	IS_AST_PARENT	
77955	78028	IS_AST_PARENT	
78036	78037	IS_AST_PARENT	
78036	78038	IS_AST_PARENT	
78035	78036	IS_AST_PARENT	
78035	78039	IS_AST_PARENT	
78034	78035	IS_AST_PARENT	
77955	78034	IS_AST_PARENT	
78043	78044	IS_AST_PARENT	
78043	78045	IS_AST_PARENT	
78042	78043	IS_AST_PARENT	
78042	78046	IS_AST_PARENT	
78041	78042	IS_AST_PARENT	
78041	78047	IS_AST_PARENT	
78040	78041	IS_AST_PARENT	
77955	78040	IS_AST_PARENT	
78051	78052	IS_AST_PARENT	
78051	78053	IS_AST_PARENT	
78050	78051	IS_AST_PARENT	
78050	78054	IS_AST_PARENT	
78049	78050	IS_AST_PARENT	
78049	78055	IS_AST_PARENT	
78048	78049	IS_AST_PARENT	
77955	78048	IS_AST_PARENT	
78059	78060	IS_AST_PARENT	
78059	78061	IS_AST_PARENT	
78058	78059	IS_AST_PARENT	
78058	78062	IS_AST_PARENT	
78057	78058	IS_AST_PARENT	
78057	78063	IS_AST_PARENT	
78056	78057	IS_AST_PARENT	
77955	78056	IS_AST_PARENT	
78067	78068	IS_AST_PARENT	
78067	78069	IS_AST_PARENT	
78066	78067	IS_AST_PARENT	
78066	78070	IS_AST_PARENT	
78065	78066	IS_AST_PARENT	
78065	78071	IS_AST_PARENT	
78064	78065	IS_AST_PARENT	
77955	78064	IS_AST_PARENT	
78075	78076	IS_AST_PARENT	
78075	78077	IS_AST_PARENT	
78074	78075	IS_AST_PARENT	
78074	78078	IS_AST_PARENT	
78073	78074	IS_AST_PARENT	
78073	78079	IS_AST_PARENT	
78072	78073	IS_AST_PARENT	
77955	78072	IS_AST_PARENT	
78083	78084	IS_AST_PARENT	
78083	78085	IS_AST_PARENT	
78082	78083	IS_AST_PARENT	
78082	78086	IS_AST_PARENT	
78081	78082	IS_AST_PARENT	
78081	78087	IS_AST_PARENT	
78080	78081	IS_AST_PARENT	
77955	78080	IS_AST_PARENT	
78091	78092	IS_AST_PARENT	
78091	78093	IS_AST_PARENT	
78090	78091	IS_AST_PARENT	
78090	78094	IS_AST_PARENT	
78089	78090	IS_AST_PARENT	
78089	78095	IS_AST_PARENT	
78088	78089	IS_AST_PARENT	
77955	78088	IS_AST_PARENT	
78099	78100	IS_AST_PARENT	
78099	78101	IS_AST_PARENT	
78098	78099	IS_AST_PARENT	
78098	78102	IS_AST_PARENT	
78097	78098	IS_AST_PARENT	
78097	78103	IS_AST_PARENT	
78096	78097	IS_AST_PARENT	
77955	78096	IS_AST_PARENT	
78107	78108	IS_AST_PARENT	
78107	78109	IS_AST_PARENT	
78106	78107	IS_AST_PARENT	
78106	78110	IS_AST_PARENT	
78105	78106	IS_AST_PARENT	
78105	78111	IS_AST_PARENT	
78104	78105	IS_AST_PARENT	
77955	78104	IS_AST_PARENT	
78115	78116	IS_AST_PARENT	
78115	78117	IS_AST_PARENT	
78114	78115	IS_AST_PARENT	
78114	78118	IS_AST_PARENT	
78113	78114	IS_AST_PARENT	
78113	78119	IS_AST_PARENT	
78112	78113	IS_AST_PARENT	
77955	78112	IS_AST_PARENT	
78123	78124	IS_AST_PARENT	
78123	78125	IS_AST_PARENT	
78122	78123	IS_AST_PARENT	
78122	78126	IS_AST_PARENT	
78121	78122	IS_AST_PARENT	
78121	78127	IS_AST_PARENT	
78120	78121	IS_AST_PARENT	
77955	78120	IS_AST_PARENT	
78131	78132	IS_AST_PARENT	
78131	78133	IS_AST_PARENT	
78130	78131	IS_AST_PARENT	
78130	78134	IS_AST_PARENT	
78129	78130	IS_AST_PARENT	
78129	78135	IS_AST_PARENT	
78128	78129	IS_AST_PARENT	
77955	78128	IS_AST_PARENT	
78139	78140	IS_AST_PARENT	
78139	78141	IS_AST_PARENT	
78138	78139	IS_AST_PARENT	
78138	78142	IS_AST_PARENT	
78137	78138	IS_AST_PARENT	
78137	78143	IS_AST_PARENT	
78136	78137	IS_AST_PARENT	
77955	78136	IS_AST_PARENT	
78147	78148	IS_AST_PARENT	
78147	78149	IS_AST_PARENT	
78146	78147	IS_AST_PARENT	
78146	78150	IS_AST_PARENT	
78145	78146	IS_AST_PARENT	
78145	78151	IS_AST_PARENT	
78144	78145	IS_AST_PARENT	
77955	78144	IS_AST_PARENT	
78155	78156	IS_AST_PARENT	
78155	78157	IS_AST_PARENT	
78154	78155	IS_AST_PARENT	
78154	78158	IS_AST_PARENT	
78153	78154	IS_AST_PARENT	
78153	78159	IS_AST_PARENT	
78152	78153	IS_AST_PARENT	
77955	78152	IS_AST_PARENT	
78163	78164	IS_AST_PARENT	
78163	78165	IS_AST_PARENT	
78162	78163	IS_AST_PARENT	
78162	78166	IS_AST_PARENT	
78161	78162	IS_AST_PARENT	
78161	78167	IS_AST_PARENT	
78160	78161	IS_AST_PARENT	
77955	78160	IS_AST_PARENT	
78170	78171	IS_AST_PARENT	
78170	78172	IS_AST_PARENT	
78169	78170	IS_AST_PARENT	
78168	78169	IS_AST_PARENT	
78176	78177	IS_AST_PARENT	
78176	78178	IS_AST_PARENT	
78175	78176	IS_AST_PARENT	
78175	78179	IS_AST_PARENT	
78174	78175	IS_AST_PARENT	
78173	78174	IS_AST_PARENT	
78182	78183	IS_AST_PARENT	
78182	78184	IS_AST_PARENT	
78181	78182	IS_AST_PARENT	
78181	78185	IS_AST_PARENT	
78180	78181	IS_AST_PARENT	
78173	78180	IS_AST_PARENT	
78189	78190	IS_AST_PARENT	
78189	78191	IS_AST_PARENT	
78188	78189	IS_AST_PARENT	
78188	78192	IS_AST_PARENT	
78187	78188	IS_AST_PARENT	
78187	78193	IS_AST_PARENT	
78186	78187	IS_AST_PARENT	
78173	78186	IS_AST_PARENT	
78197	78198	IS_AST_PARENT	
78197	78199	IS_AST_PARENT	
78196	78197	IS_AST_PARENT	
78196	78200	IS_AST_PARENT	
78195	78196	IS_AST_PARENT	
78195	78201	IS_AST_PARENT	
78194	78195	IS_AST_PARENT	
78173	78194	IS_AST_PARENT	
78205	78206	IS_AST_PARENT	
78205	78207	IS_AST_PARENT	
78204	78205	IS_AST_PARENT	
78204	78208	IS_AST_PARENT	
78203	78204	IS_AST_PARENT	
78203	78209	IS_AST_PARENT	
78202	78203	IS_AST_PARENT	
78173	78202	IS_AST_PARENT	
78213	78214	IS_AST_PARENT	
78213	78215	IS_AST_PARENT	
78212	78213	IS_AST_PARENT	
78212	78216	IS_AST_PARENT	
78211	78212	IS_AST_PARENT	
78211	78217	IS_AST_PARENT	
78210	78211	IS_AST_PARENT	
78173	78210	IS_AST_PARENT	
78221	78222	IS_AST_PARENT	
78221	78223	IS_AST_PARENT	
78220	78221	IS_AST_PARENT	
78220	78224	IS_AST_PARENT	
78219	78220	IS_AST_PARENT	
78219	78225	IS_AST_PARENT	
78218	78219	IS_AST_PARENT	
78173	78218	IS_AST_PARENT	
78229	78230	IS_AST_PARENT	
78229	78231	IS_AST_PARENT	
78228	78229	IS_AST_PARENT	
78228	78232	IS_AST_PARENT	
78227	78228	IS_AST_PARENT	
78227	78233	IS_AST_PARENT	
78226	78227	IS_AST_PARENT	
78173	78226	IS_AST_PARENT	
78237	78238	IS_AST_PARENT	
78237	78239	IS_AST_PARENT	
78236	78237	IS_AST_PARENT	
78236	78240	IS_AST_PARENT	
78235	78236	IS_AST_PARENT	
78235	78241	IS_AST_PARENT	
78234	78235	IS_AST_PARENT	
78173	78234	IS_AST_PARENT	
78245	78246	IS_AST_PARENT	
78245	78247	IS_AST_PARENT	
78244	78245	IS_AST_PARENT	
78244	78248	IS_AST_PARENT	
78243	78244	IS_AST_PARENT	
78243	78249	IS_AST_PARENT	
78242	78243	IS_AST_PARENT	
78173	78242	IS_AST_PARENT	
78253	78254	IS_AST_PARENT	
78253	78255	IS_AST_PARENT	
78252	78253	IS_AST_PARENT	
78252	78256	IS_AST_PARENT	
78251	78252	IS_AST_PARENT	
78251	78257	IS_AST_PARENT	
78250	78251	IS_AST_PARENT	
78173	78250	IS_AST_PARENT	
78261	78262	IS_AST_PARENT	
78261	78263	IS_AST_PARENT	
78260	78261	IS_AST_PARENT	
78260	78264	IS_AST_PARENT	
78259	78260	IS_AST_PARENT	
78259	78265	IS_AST_PARENT	
78258	78259	IS_AST_PARENT	
78173	78258	IS_AST_PARENT	
78268	78269	IS_AST_PARENT	
78268	78270	IS_AST_PARENT	
78267	78268	IS_AST_PARENT	
78267	78271	IS_AST_PARENT	
78266	78267	IS_AST_PARENT	
78173	78266	IS_AST_PARENT	
78274	78275	IS_AST_PARENT	
78274	78276	IS_AST_PARENT	
78273	78274	IS_AST_PARENT	
78273	78277	IS_AST_PARENT	
78272	78273	IS_AST_PARENT	
78173	78272	IS_AST_PARENT	
78280	78281	IS_AST_PARENT	
78280	78282	IS_AST_PARENT	
78279	78280	IS_AST_PARENT	
78279	78283	IS_AST_PARENT	
78278	78279	IS_AST_PARENT	
78173	78278	IS_AST_PARENT	
78286	78287	IS_AST_PARENT	
78286	78288	IS_AST_PARENT	
78285	78286	IS_AST_PARENT	
78285	78289	IS_AST_PARENT	
78284	78285	IS_AST_PARENT	
78173	78284	IS_AST_PARENT	
78292	78293	IS_AST_PARENT	
78292	78294	IS_AST_PARENT	
78291	78292	IS_AST_PARENT	
78291	78295	IS_AST_PARENT	
78290	78291	IS_AST_PARENT	
78173	78290	IS_AST_PARENT	
78298	78299	IS_AST_PARENT	
78298	78300	IS_AST_PARENT	
78297	78298	IS_AST_PARENT	
78297	78301	IS_AST_PARENT	
78296	78297	IS_AST_PARENT	
78173	78296	IS_AST_PARENT	
78304	78305	IS_AST_PARENT	
78304	78306	IS_AST_PARENT	
78303	78304	IS_AST_PARENT	
78303	78307	IS_AST_PARENT	
78302	78303	IS_AST_PARENT	
78173	78302	IS_AST_PARENT	
78168	78173	IS_AST_PARENT	
77955	78168	IS_AST_PARENT	
78310	78311	IS_AST_PARENT	
78310	78312	IS_AST_PARENT	
78309	78310	IS_AST_PARENT	
78308	78309	IS_AST_PARENT	
78317	78318	IS_AST_PARENT	
78317	78319	IS_AST_PARENT	
78316	78317	IS_AST_PARENT	
78316	78320	IS_AST_PARENT	
78315	78316	IS_AST_PARENT	
78315	78321	IS_AST_PARENT	
78314	78315	IS_AST_PARENT	
78313	78314	IS_AST_PARENT	
78325	78326	IS_AST_PARENT	
78325	78327	IS_AST_PARENT	
78324	78325	IS_AST_PARENT	
78324	78328	IS_AST_PARENT	
78323	78324	IS_AST_PARENT	
78323	78329	IS_AST_PARENT	
78322	78323	IS_AST_PARENT	
78313	78322	IS_AST_PARENT	
78333	78334	IS_AST_PARENT	
78333	78335	IS_AST_PARENT	
78332	78333	IS_AST_PARENT	
78332	78336	IS_AST_PARENT	
78331	78332	IS_AST_PARENT	
78331	78337	IS_AST_PARENT	
78330	78331	IS_AST_PARENT	
78313	78330	IS_AST_PARENT	
78341	78342	IS_AST_PARENT	
78341	78343	IS_AST_PARENT	
78340	78341	IS_AST_PARENT	
78340	78344	IS_AST_PARENT	
78339	78340	IS_AST_PARENT	
78339	78345	IS_AST_PARENT	
78338	78339	IS_AST_PARENT	
78313	78338	IS_AST_PARENT	
78349	78350	IS_AST_PARENT	
78349	78351	IS_AST_PARENT	
78348	78349	IS_AST_PARENT	
78348	78352	IS_AST_PARENT	
78347	78348	IS_AST_PARENT	
78347	78353	IS_AST_PARENT	
78346	78347	IS_AST_PARENT	
78313	78346	IS_AST_PARENT	
78308	78313	IS_AST_PARENT	
77955	78308	IS_AST_PARENT	
77950	77955	IS_AST_PARENT	
77905	77950	IS_AST_PARENT	
77900	77905	IS_AST_PARENT	
77877	77900	IS_AST_PARENT	
77876	77877	IS_AST_PARENT	
77876	78354	IS_AST_PARENT	
77876	78355	IS_AST_PARENT	
78357	78358	IS_AST_PARENT	
78357	78359	IS_AST_PARENT	
78356	78357	IS_AST_PARENT	
77876	78356	IS_AST_PARENT	
78360	78357	FLOWS_TO	
78357	77878	FLOWS_TO	
77878	77889	FLOWS_TO	
77889	77894	FLOWS_TO	
77889	77901	FLOWS_TO	
77894	77901	FLOWS_TO	
77901	77906	FLOWS_TO	
77901	78361	FLOWS_TO	
77906	77916	FLOWS_TO	
77916	77926	FLOWS_TO	
77926	77932	FLOWS_TO	
77932	77938	FLOWS_TO	
77938	77944	FLOWS_TO	
77944	77951	FLOWS_TO	
77951	77956	FLOWS_TO	
77951	78361	FLOWS_TO	
77956	77962	FLOWS_TO	
77962	77968	FLOWS_TO	
77968	77974	FLOWS_TO	
77974	77980	FLOWS_TO	
77980	77986	FLOWS_TO	
77986	77992	FLOWS_TO	
77992	77998	FLOWS_TO	
77998	78004	FLOWS_TO	
78004	78010	FLOWS_TO	
78010	78016	FLOWS_TO	
78016	78022	FLOWS_TO	
78022	78028	FLOWS_TO	
78028	78034	FLOWS_TO	
78034	78040	FLOWS_TO	
78040	78048	FLOWS_TO	
78048	78056	FLOWS_TO	
78056	78064	FLOWS_TO	
78064	78072	FLOWS_TO	
78072	78080	FLOWS_TO	
78080	78088	FLOWS_TO	
78088	78096	FLOWS_TO	
78096	78104	FLOWS_TO	
78104	78112	FLOWS_TO	
78112	78120	FLOWS_TO	
78120	78128	FLOWS_TO	
78128	78136	FLOWS_TO	
78136	78144	FLOWS_TO	
78144	78152	FLOWS_TO	
78152	78160	FLOWS_TO	
78160	78169	FLOWS_TO	
78169	78174	FLOWS_TO	
78169	78309	FLOWS_TO	
78174	78180	FLOWS_TO	
78180	78186	FLOWS_TO	
78186	78194	FLOWS_TO	
78194	78202	FLOWS_TO	
78202	78210	FLOWS_TO	
78210	78218	FLOWS_TO	
78218	78226	FLOWS_TO	
78226	78234	FLOWS_TO	
78234	78242	FLOWS_TO	
78242	78250	FLOWS_TO	
78250	78258	FLOWS_TO	
78258	78266	FLOWS_TO	
78266	78272	FLOWS_TO	
78272	78278	FLOWS_TO	
78278	78284	FLOWS_TO	
78284	78290	FLOWS_TO	
78290	78296	FLOWS_TO	
78296	78302	FLOWS_TO	
78302	78309	FLOWS_TO	
78309	78314	FLOWS_TO	
78309	78361	FLOWS_TO	
78314	78322	FLOWS_TO	
78322	78330	FLOWS_TO	
78330	78338	FLOWS_TO	
78338	78346	FLOWS_TO	
78346	78361	FLOWS_TO	
77932	78362	DEF	
77933	78362	DEF	
77974	78362	DEF	
77975	78362	DEF	
78180	78362	DEF	
78181	78362	DEF	
77998	78363	DEF	
77999	78363	DEF	
78186	78364	USE	
78187	78364	USE	
78104	78365	USE	
78105	78365	USE	
77901	78366	USE	
78302	78367	USE	
78303	78367	USE	
77926	78368	DEF	
77927	78368	DEF	
77968	78368	DEF	
77969	78368	DEF	
78290	78368	DEF	
78291	78368	DEF	
78040	78369	USE	
78041	78369	USE	
78010	78370	DEF	
78011	78370	DEF	
78174	78371	USE	
78175	78371	USE	
78314	78372	USE	
78315	78372	USE	
78346	78373	USE	
78347	78373	USE	
77916	78374	DEF	
77917	78374	DEF	
77962	78374	DEF	
77963	78374	DEF	
77932	78375	USE	
77933	78375	USE	
77906	78376	DEF	
77911	78376	DEF	
78120	78377	USE	
78121	78377	USE	
78004	78378	DEF	
78005	78378	DEF	
78040	78379	DEF	
78041	78379	DEF	
78048	78379	DEF	
78049	78379	DEF	
78056	78379	DEF	
78057	78379	DEF	
78064	78379	DEF	
78065	78379	DEF	
78072	78379	DEF	
78073	78379	DEF	
78080	78379	DEF	
78081	78379	DEF	
78088	78379	DEF	
78089	78379	DEF	
78096	78379	DEF	
78097	78379	DEF	
78186	78379	DEF	
78187	78379	DEF	
78194	78379	DEF	
78195	78379	DEF	
78202	78379	DEF	
78203	78379	DEF	
78210	78379	DEF	
78211	78379	DEF	
78218	78379	DEF	
78219	78379	DEF	
78022	78380	DEF	
78023	78380	DEF	
78272	78380	DEF	
78273	78380	DEF	
78064	78381	USE	
78065	78381	USE	
78112	78382	USE	
78113	78382	USE	
77938	78383	DEF	
77939	78383	DEF	
77980	78383	DEF	
77981	78383	DEF	
78296	78383	DEF	
78297	78383	DEF	
78322	78384	USE	
78323	78384	USE	
78152	78385	USE	
78153	78385	USE	
78056	78386	USE	
78057	78386	USE	
78309	78387	USE	
78338	78388	USE	
78339	78388	USE	
78010	78389	USE	
78011	78389	USE	
78040	78390	DEF	
78041	78390	DEF	
78048	78390	DEF	
78049	78390	DEF	
78056	78390	DEF	
78057	78390	DEF	
78064	78390	DEF	
78065	78390	DEF	
78072	78390	DEF	
78073	78390	DEF	
78080	78390	DEF	
78081	78390	DEF	
78088	78390	DEF	
78089	78390	DEF	
78096	78390	DEF	
78097	78390	DEF	
78104	78390	DEF	
78105	78390	DEF	
78112	78390	DEF	
78113	78390	DEF	
78120	78390	DEF	
78121	78390	DEF	
78128	78390	DEF	
78129	78390	DEF	
78136	78390	DEF	
78137	78390	DEF	
78144	78390	DEF	
78145	78390	DEF	
78152	78390	DEF	
78153	78390	DEF	
78160	78390	DEF	
78161	78390	DEF	
78186	78390	DEF	
78187	78390	DEF	
78194	78390	DEF	
78195	78390	DEF	
78202	78390	DEF	
78203	78390	DEF	
78210	78390	DEF	
78211	78390	DEF	
78218	78390	DEF	
78219	78390	DEF	
78226	78390	DEF	
78227	78390	DEF	
78234	78390	DEF	
78235	78390	DEF	
78242	78390	DEF	
78243	78390	DEF	
78250	78390	DEF	
78251	78390	DEF	
78258	78390	DEF	
78259	78390	DEF	
78314	78390	DEF	
78315	78390	DEF	
78322	78390	DEF	
78323	78390	DEF	
78330	78390	DEF	
78331	78390	DEF	
78338	78390	DEF	
78339	78390	DEF	
78346	78390	DEF	
78347	78390	DEF	
77980	78391	USE	
77981	78391	USE	
78096	78392	USE	
78097	78392	USE	
78290	78393	USE	
78291	78393	USE	
78104	78394	USE	
78106	78394	USE	
78112	78394	USE	
78114	78394	USE	
78120	78394	USE	
78122	78394	USE	
78128	78394	USE	
78130	78394	USE	
78136	78394	USE	
78138	78394	USE	
78144	78394	USE	
78146	78394	USE	
78152	78394	USE	
78154	78394	USE	
78160	78394	USE	
78162	78394	USE	
78226	78394	USE	
78228	78394	USE	
78234	78394	USE	
78236	78394	USE	
78242	78394	USE	
78244	78394	USE	
78250	78394	USE	
78252	78394	USE	
78258	78394	USE	
78260	78394	USE	
78314	78394	USE	
78316	78394	USE	
78322	78394	USE	
78324	78394	USE	
78330	78394	USE	
78332	78394	USE	
78338	78394	USE	
78340	78394	USE	
78346	78394	USE	
78348	78394	USE	
78136	78395	USE	
78137	78395	USE	
77926	78396	USE	
77927	78396	USE	
78210	78397	USE	
78211	78397	USE	
78278	78398	USE	
78279	78398	USE	
78080	78399	USE	
78081	78399	USE	
78258	78400	USE	
78259	78400	USE	
77968	78401	USE	
77969	78401	USE	
78028	78402	USE	
78029	78402	USE	
78034	78403	DEF	
78035	78403	DEF	
78284	78403	DEF	
78285	78403	DEF	
78048	78404	USE	
78049	78404	USE	
78088	78405	USE	
78089	78405	USE	
78128	78406	USE	
78129	78406	USE	
78169	78407	USE	
78194	78408	USE	
78195	78408	USE	
78004	78409	USE	
78005	78409	USE	
77916	78410	DEF	
77921	78410	DEF	
78174	78410	DEF	
78175	78410	DEF	
77894	78411	USE	
77895	78411	USE	
77906	78412	DEF	
77907	78412	DEF	
77956	78412	DEF	
77957	78412	DEF	
78144	78413	USE	
78145	78413	USE	
78072	78414	USE	
78073	78414	USE	
78234	78415	USE	
78235	78415	USE	
78016	78416	USE	
78017	78416	USE	
78022	78417	USE	
78023	78417	USE	
78104	78418	DEF	
78105	78418	DEF	
78112	78418	DEF	
78113	78418	DEF	
78120	78418	DEF	
78121	78418	DEF	
78128	78418	DEF	
78129	78418	DEF	
78136	78418	DEF	
78137	78418	DEF	
78144	78418	DEF	
78145	78418	DEF	
78152	78418	DEF	
78153	78418	DEF	
78160	78418	DEF	
78161	78418	DEF	
78226	78418	DEF	
78227	78418	DEF	
78234	78418	DEF	
78235	78418	DEF	
78242	78418	DEF	
78243	78418	DEF	
78250	78418	DEF	
78251	78418	DEF	
78258	78418	DEF	
78259	78418	DEF	
78314	78418	DEF	
78315	78418	DEF	
78322	78418	DEF	
78323	78418	DEF	
78330	78418	DEF	
78331	78418	DEF	
78338	78418	DEF	
78339	78418	DEF	
78346	78418	DEF	
78347	78418	DEF	
78296	78419	USE	
78297	78419	USE	
77998	78420	USE	
77999	78420	USE	
78284	78421	USE	
78285	78421	USE	
78016	78422	DEF	
78017	78422	DEF	
78266	78422	DEF	
78267	78422	DEF	
78160	78423	USE	
78161	78423	USE	
77992	78424	USE	
77993	78424	USE	
78272	78425	USE	
78273	78425	USE	
78330	78426	USE	
78331	78426	USE	
78034	78427	USE	
78035	78427	USE	
78202	78428	USE	
78203	78428	USE	
77916	78429	USE	
77921	78429	USE	
78357	78430	DEF	
77894	78430	USE	
77896	78430	USE	
77906	78430	USE	
77908	78430	USE	
77912	78430	USE	
77916	78430	USE	
77918	78430	USE	
77922	78430	USE	
77926	78430	USE	
77928	78430	USE	
77932	78430	USE	
77934	78430	USE	
77938	78430	USE	
77940	78430	USE	
77944	78430	USE	
77946	78430	USE	
77956	78430	USE	
77958	78430	USE	
77962	78430	USE	
77964	78430	USE	
77968	78430	USE	
77970	78430	USE	
77974	78430	USE	
77976	78430	USE	
77980	78430	USE	
77982	78430	USE	
77986	78430	USE	
77988	78430	USE	
77992	78430	USE	
77994	78430	USE	
77998	78430	USE	
78000	78430	USE	
78004	78430	USE	
78006	78430	USE	
78010	78430	USE	
78012	78430	USE	
78016	78430	USE	
78018	78430	USE	
78022	78430	USE	
78024	78430	USE	
78028	78430	USE	
78030	78430	USE	
78034	78430	USE	
78036	78430	USE	
78040	78430	USE	
78043	78430	USE	
78048	78430	USE	
78051	78430	USE	
78056	78430	USE	
78059	78430	USE	
78064	78430	USE	
78067	78430	USE	
78072	78430	USE	
78075	78430	USE	
78080	78430	USE	
78083	78430	USE	
78088	78430	USE	
78091	78430	USE	
78096	78430	USE	
78099	78430	USE	
78104	78430	USE	
78107	78430	USE	
78112	78430	USE	
78115	78430	USE	
78120	78430	USE	
78123	78430	USE	
78128	78430	USE	
78131	78430	USE	
78136	78430	USE	
78139	78430	USE	
78144	78430	USE	
78147	78430	USE	
78152	78430	USE	
78155	78430	USE	
78160	78430	USE	
78163	78430	USE	
78174	78430	USE	
78176	78430	USE	
78180	78430	USE	
78182	78430	USE	
78186	78430	USE	
78189	78430	USE	
78194	78430	USE	
78197	78430	USE	
78202	78430	USE	
78205	78430	USE	
78210	78430	USE	
78213	78430	USE	
78218	78430	USE	
78221	78430	USE	
78226	78430	USE	
78229	78430	USE	
78234	78430	USE	
78237	78430	USE	
78242	78430	USE	
78245	78430	USE	
78250	78430	USE	
78253	78430	USE	
78258	78430	USE	
78261	78430	USE	
78266	78430	USE	
78268	78430	USE	
78272	78430	USE	
78274	78430	USE	
78278	78430	USE	
78280	78430	USE	
78284	78430	USE	
78286	78430	USE	
78290	78430	USE	
78292	78430	USE	
78296	78430	USE	
78298	78430	USE	
78302	78430	USE	
78304	78430	USE	
78314	78430	USE	
78317	78430	USE	
78322	78430	USE	
78325	78430	USE	
78330	78430	USE	
78333	78430	USE	
78338	78430	USE	
78341	78430	USE	
78346	78430	USE	
78349	78430	USE	
78218	78431	USE	
78219	78431	USE	
78028	78432	DEF	
78029	78432	DEF	
78278	78432	DEF	
78279	78432	DEF	
78242	78433	USE	
78243	78433	USE	
77992	78434	DEF	
77993	78434	DEF	
77894	78435	DEF	
77895	78435	DEF	
77962	78436	USE	
77963	78436	USE	
78266	78437	USE	
78267	78437	USE	
77894	78438	DEF	
77895	78438	DEF	
77906	78438	DEF	
77907	78438	DEF	
77911	78438	DEF	
77916	78438	DEF	
77921	78438	DEF	
77917	78438	DEF	
77926	78438	DEF	
77927	78438	DEF	
77932	78438	DEF	
77933	78438	DEF	
77938	78438	DEF	
77939	78438	DEF	
77944	78438	DEF	
77945	78438	DEF	
77956	78438	DEF	
77957	78438	DEF	
77962	78438	DEF	
77963	78438	DEF	
77968	78438	DEF	
77969	78438	DEF	
77974	78438	DEF	
77975	78438	DEF	
77980	78438	DEF	
77981	78438	DEF	
77986	78438	DEF	
77987	78438	DEF	
77992	78438	DEF	
77993	78438	DEF	
77998	78438	DEF	
77999	78438	DEF	
78004	78438	DEF	
78005	78438	DEF	
78010	78438	DEF	
78011	78438	DEF	
78016	78438	DEF	
78017	78438	DEF	
78022	78438	DEF	
78023	78438	DEF	
78028	78438	DEF	
78029	78438	DEF	
78034	78438	DEF	
78035	78438	DEF	
78040	78438	USE	
78042	78438	USE	
78048	78438	USE	
78050	78438	USE	
78056	78438	USE	
78058	78438	USE	
78064	78438	USE	
78066	78438	USE	
78072	78438	USE	
78074	78438	USE	
78080	78438	USE	
78082	78438	USE	
78088	78438	USE	
78090	78438	USE	
78096	78438	USE	
78098	78438	USE	
78104	78438	USE	
78106	78438	USE	
78112	78438	USE	
78114	78438	USE	
78120	78438	USE	
78122	78438	USE	
78128	78438	USE	
78130	78438	USE	
78136	78438	USE	
78138	78438	USE	
78144	78438	USE	
78146	78438	USE	
78152	78438	USE	
78154	78438	USE	
78160	78438	USE	
78162	78438	USE	
78174	78438	DEF	
78175	78438	DEF	
78180	78438	DEF	
78181	78438	DEF	
78186	78438	USE	
78188	78438	USE	
78194	78438	USE	
78196	78438	USE	
78202	78438	USE	
78204	78438	USE	
78210	78438	USE	
78212	78438	USE	
78218	78438	USE	
78220	78438	USE	
78226	78438	USE	
78228	78438	USE	
78234	78438	USE	
78236	78438	USE	
78242	78438	USE	
78244	78438	USE	
78250	78438	USE	
78252	78438	USE	
78258	78438	USE	
78260	78438	USE	
78266	78438	DEF	
78267	78438	DEF	
78272	78438	DEF	
78273	78438	DEF	
78278	78438	DEF	
78279	78438	DEF	
78284	78438	DEF	
78285	78438	DEF	
78290	78438	DEF	
78291	78438	DEF	
78296	78438	DEF	
78297	78438	DEF	
78302	78438	DEF	
78303	78438	DEF	
78314	78438	USE	
78316	78438	USE	
78322	78438	USE	
78324	78438	USE	
78330	78438	USE	
78332	78438	USE	
78338	78438	USE	
78340	78438	USE	
78346	78438	USE	
78348	78438	USE	
77906	78439	USE	
77911	78439	USE	
77938	78440	USE	
77939	78440	USE	
77944	78441	DEF	
77945	78441	DEF	
77986	78441	DEF	
77987	78441	DEF	
78302	78441	DEF	
78303	78441	DEF	
77956	78442	USE	
77957	78442	USE	
77944	78443	USE	
77945	78443	USE	
78226	78444	USE	
78227	78444	USE	
78250	78445	USE	
78251	78445	USE	
78040	78446	USE	
78042	78446	USE	
78048	78446	USE	
78050	78446	USE	
78056	78446	USE	
78058	78446	USE	
78064	78446	USE	
78066	78446	USE	
78072	78446	USE	
78074	78446	USE	
78080	78446	USE	
78082	78446	USE	
78088	78446	USE	
78090	78446	USE	
78096	78446	USE	
78098	78446	USE	
78186	78446	USE	
78188	78446	USE	
78194	78446	USE	
78196	78446	USE	
78202	78446	USE	
78204	78446	USE	
78210	78446	USE	
78212	78446	USE	
78218	78446	USE	
78220	78446	USE	
77974	78447	USE	
77975	78447	USE	
77878	78448	USE	
77882	78448	USE	
77986	78449	USE	
77987	78449	USE	
77878	78450	DEF	
77882	78450	DEF	
77879	78450	DEF	
77889	78450	USE	
77901	78450	USE	
77951	78450	USE	
78169	78450	USE	
78309	78450	USE	
77889	78451	USE	
77951	78451	USE	
78180	78452	USE	
78181	78452	USE	
78357	77906	REACHES	c
78357	77916	REACHES	c
78357	77894	REACHES	c
78357	78104	REACHES	c
78357	78322	REACHES	c
78357	78112	REACHES	c
78357	78226	REACHES	c
78357	78278	REACHES	c
78357	78056	REACHES	c
78357	77926	REACHES	c
78357	77986	REACHES	c
78357	78080	REACHES	c
78357	77932	REACHES	c
78357	77938	REACHES	c
78357	78346	REACHES	c
78357	78290	REACHES	c
78357	78186	REACHES	c
78357	78302	REACHES	c
78357	78194	REACHES	c
78357	78016	REACHES	c
78357	78048	REACHES	c
78357	78088	REACHES	c
78357	78096	REACHES	c
78357	78338	REACHES	c
78357	78174	REACHES	c
78357	78258	REACHES	c
78357	77944	REACHES	c
78357	77956	REACHES	c
78357	78022	REACHES	c
78357	77980	REACHES	c
78357	78180	REACHES	c
78357	78120	REACHES	c
78357	77962	REACHES	c
78357	77998	REACHES	c
78357	78218	REACHES	c
78357	78250	REACHES	c
78357	78028	REACHES	c
78357	78072	REACHES	c
78357	77992	REACHES	c
78357	78152	REACHES	c
78357	78284	REACHES	c
78357	78242	REACHES	c
78357	78034	REACHES	c
78357	78064	REACHES	c
78357	78160	REACHES	c
78357	78210	REACHES	c
78357	77968	REACHES	c
78357	77974	REACHES	c
78357	78330	REACHES	c
78357	78266	REACHES	c
78357	78040	REACHES	c
78357	78314	REACHES	c
78357	78144	REACHES	c
78357	78004	REACHES	c
78357	78010	REACHES	c
78357	78136	REACHES	c
78357	78202	REACHES	c
78357	78128	REACHES	c
78357	78272	REACHES	c
78357	78296	REACHES	c
78357	78234	REACHES	c
78034	78072	REACHES	* c
77944	78361	REACHES	* c
77894	78361	REACHES	* c
78180	78258	REACHES	* c
78034	78088	REACHES	* c
78034	78112	REACHES	* c
78302	78346	REACHES	* c
78034	78152	REACHES	* c
78034	78096	REACHES	* c
78034	78361	REACHES	* c
78180	78202	REACHES	* c
78180	78250	REACHES	* c
78302	78314	REACHES	* c
78180	78186	REACHES	* c
78034	78330	REACHES	* c
78180	78218	REACHES	* c
78302	78361	REACHES	* c
78034	78120	REACHES	* c
78034	78346	REACHES	* c
78180	78210	REACHES	* c
78034	78314	REACHES	* c
78034	78128	REACHES	* c
78034	78144	REACHES	* c
78034	78040	REACHES	* c
78034	78048	REACHES	* c
78034	78338	REACHES	* c
78180	78194	REACHES	* c
78302	78322	REACHES	* c
78034	78056	REACHES	* c
78034	78080	REACHES	* c
78180	78242	REACHES	* c
78034	78104	REACHES	* c
78034	78136	REACHES	* c
78302	78338	REACHES	* c
78034	78322	REACHES	* c
78034	78064	REACHES	* c
78180	78234	REACHES	* c
78302	78330	REACHES	* c
78034	78160	REACHES	* c
78180	78226	REACHES	* c
77878	77889	REACHES	mm_flags
77878	77901	REACHES	mm_flags
77878	77951	REACHES	mm_flags
77878	78169	REACHES	mm_flags
77878	78309	REACHES	mm_flags
78360	78357	CONTROLS	
78360	77878	CONTROLS	
78360	77889	CONTROLS	
78360	77901	CONTROLS	
77889	77894	CONTROLS	
77901	77906	CONTROLS	
77901	77916	CONTROLS	
77901	77926	CONTROLS	
77901	77932	CONTROLS	
77901	77938	CONTROLS	
77901	77944	CONTROLS	
77901	77951	CONTROLS	
77951	77956	CONTROLS	
77951	77962	CONTROLS	
77951	77968	CONTROLS	
77951	77974	CONTROLS	
77951	77980	CONTROLS	
77951	77986	CONTROLS	
77951	77992	CONTROLS	
77951	77998	CONTROLS	
77951	78004	CONTROLS	
77951	78010	CONTROLS	
77951	78016	CONTROLS	
77951	78022	CONTROLS	
77951	78028	CONTROLS	
77951	78034	CONTROLS	
77951	78040	CONTROLS	
77951	78048	CONTROLS	
77951	78056	CONTROLS	
77951	78064	CONTROLS	
77951	78072	CONTROLS	
77951	78080	CONTROLS	
77951	78088	CONTROLS	
77951	78096	CONTROLS	
77951	78104	CONTROLS	
77951	78112	CONTROLS	
77951	78120	CONTROLS	
77951	78128	CONTROLS	
77951	78136	CONTROLS	
77951	78144	CONTROLS	
77951	78152	CONTROLS	
77951	78160	CONTROLS	
77951	78169	CONTROLS	
77951	78309	CONTROLS	
78169	78174	CONTROLS	
78169	78180	CONTROLS	
78169	78186	CONTROLS	
78169	78194	CONTROLS	
78169	78202	CONTROLS	
78169	78210	CONTROLS	
78169	78218	CONTROLS	
78169	78226	CONTROLS	
78169	78234	CONTROLS	
78169	78242	CONTROLS	
78169	78250	CONTROLS	
78169	78258	CONTROLS	
78169	78266	CONTROLS	
78169	78272	CONTROLS	
78169	78278	CONTROLS	
78169	78284	CONTROLS	
78169	78290	CONTROLS	
78169	78296	CONTROLS	
78169	78302	CONTROLS	
78309	78314	CONTROLS	
78309	78322	CONTROLS	
78309	78330	CONTROLS	
78309	78338	CONTROLS	
78309	78346	CONTROLS	
77998	78004	DOM	
78040	78048	DOM	
78290	78296	DOM	
78022	78028	DOM	
77968	77974	DOM	
78169	78309	DOM	
78322	78330	DOM	
78120	78128	DOM	
78088	78096	DOM	
78096	78104	DOM	
77901	77906	DOM	
78104	78112	DOM	
77916	77926	DOM	
78128	78136	DOM	
78180	78186	DOM	
78284	78290	DOM	
78028	78034	DOM	
78112	78120	DOM	
78010	78016	DOM	
78360	78360	DOM	
78080	78088	DOM	
78160	78169	DOM	
77980	77986	DOM	
78144	78152	DOM	
78186	78194	DOM	
78218	78226	DOM	
77944	77951	DOM	
78004	78010	DOM	
77956	77962	DOM	
78064	78072	DOM	
77992	77998	DOM	
78234	78242	DOM	
78202	78210	DOM	
77889	77894	DOM	
78136	78144	DOM	
77878	77889	DOM	
78056	78064	DOM	
78272	78278	DOM	
78210	78218	DOM	
78174	78180	DOM	
77889	77901	DOM	
78034	78040	DOM	
78048	78056	DOM	
78016	78022	DOM	
77938	77944	DOM	
78314	78322	DOM	
77974	77980	DOM	
78250	78258	DOM	
77926	77932	DOM	
78194	78202	DOM	
78226	78234	DOM	
78258	78266	DOM	
78152	78160	DOM	
78330	78338	DOM	
77986	77992	DOM	
78242	78250	DOM	
78072	78080	DOM	
78309	78314	DOM	
77962	77968	DOM	
77901	78361	DOM	
78266	78272	DOM	
78357	77878	DOM	
77932	77938	DOM	
77951	77956	DOM	
78360	78357	DOM	
78169	78174	DOM	
77906	77916	DOM	
78296	78302	DOM	
78338	78346	DOM	
78278	78284	DOM	
78010	78004	POST_DOM	
78056	78048	POST_DOM	
78302	78296	POST_DOM	
78034	78028	POST_DOM	
77980	77974	POST_DOM	
78361	78309	POST_DOM	
78338	78330	POST_DOM	
78136	78128	POST_DOM	
78112	78104	POST_DOM	
78104	78096	POST_DOM	
77916	77906	POST_DOM	
78120	78112	POST_DOM	
77932	77926	POST_DOM	
78144	78136	POST_DOM	
78194	78186	POST_DOM	
78296	78290	POST_DOM	
78040	78034	POST_DOM	
78128	78120	POST_DOM	
78022	78016	POST_DOM	
78357	78360	POST_DOM	
78096	78088	POST_DOM	
78309	78169	POST_DOM	
77992	77986	POST_DOM	
78160	78152	POST_DOM	
78202	78194	POST_DOM	
78234	78226	POST_DOM	
78361	77951	POST_DOM	
78016	78010	POST_DOM	
78080	78072	POST_DOM	
77968	77962	POST_DOM	
78004	77998	POST_DOM	
78250	78242	POST_DOM	
78218	78210	POST_DOM	
77901	77894	POST_DOM	
78152	78144	POST_DOM	
77901	77889	POST_DOM	
78072	78064	POST_DOM	
78284	78278	POST_DOM	
78226	78218	POST_DOM	
78186	78180	POST_DOM	
78361	77901	POST_DOM	
78064	78056	POST_DOM	
78048	78040	POST_DOM	
78028	78022	POST_DOM	
77951	77944	POST_DOM	
78330	78322	POST_DOM	
77986	77980	POST_DOM	
78266	78258	POST_DOM	
77938	77932	POST_DOM	
78272	78266	POST_DOM	
78242	78234	POST_DOM	
78210	78202	POST_DOM	
78169	78160	POST_DOM	
78346	78338	POST_DOM	
77998	77992	POST_DOM	
78258	78250	POST_DOM	
78088	78080	POST_DOM	
78322	78314	POST_DOM	
78361	78361	POST_DOM	
77974	77968	POST_DOM	
78278	78272	POST_DOM	
77889	77878	POST_DOM	
77944	77938	POST_DOM	
77962	77956	POST_DOM	
77878	78357	POST_DOM	
78180	78174	POST_DOM	
77926	77916	POST_DOM	
78309	78302	POST_DOM	
78361	78346	POST_DOM	
78290	78284	POST_DOM	
77875	77876	IS_FUNCTION_OF_AST	
77875	78360	IS_FUNCTION_OF_CFG	
77870	77875	IS_FILE_OF	
