command	key	type	code	location	functionId	childNum	isCFGNode	operator	baseType	completeType	identifier
ANR	6752024	File	/home/p4ultr4n/workplace/ReVeal/raw_code/psy_3gpp_analyze_channel_0.c								
ANR	6752025	Function	psy_3gpp_analyze_channel	1:0:0:7817							
ANR	6752026	FunctionDef	"psy_3gpp_analyze_channel (FFPsyContext * ctx , int channel , const float * coefs , const FFPsyWindowInfo * wi)"		6752025	0					
ANR	6752027	CompoundStatement		5:0:155:7817	6752025	0					
ANR	6752028	IdentifierDeclStatement	AacPsyContext * pctx = ( AacPsyContext * ) ctx -> model_priv_data ;	7:4:162:221	6752025	0	True				
ANR	6752029	IdentifierDecl	* pctx = ( AacPsyContext * ) ctx -> model_priv_data		6752025	0					
ANR	6752030	IdentifierDeclType	AacPsyContext *		6752025	0					
ANR	6752031	Identifier	pctx		6752025	1					
ANR	6752032	AssignmentExpression	* pctx = ( AacPsyContext * ) ctx -> model_priv_data		6752025	2		=			
ANR	6752033	Identifier	pctx		6752025	0					
ANR	6752034	CastExpression	( AacPsyContext * ) ctx -> model_priv_data		6752025	1					
ANR	6752035	CastTarget	AacPsyContext *		6752025	0					
ANR	6752036	PtrMemberAccess	ctx -> model_priv_data		6752025	1					
ANR	6752037	Identifier	ctx		6752025	0					
ANR	6752038	Identifier	model_priv_data		6752025	1					
ANR	6752039	IdentifierDeclStatement	AacPsyChannel * pch = & pctx -> ch [ channel ] ;	9:4:228:268	6752025	1	True				
ANR	6752040	IdentifierDecl	* pch = & pctx -> ch [ channel ]		6752025	0					
ANR	6752041	IdentifierDeclType	AacPsyChannel *		6752025	0					
ANR	6752042	Identifier	pch		6752025	1					
ANR	6752043	AssignmentExpression	* pch = & pctx -> ch [ channel ]		6752025	2		=			
ANR	6752044	Identifier	pch		6752025	0					
ANR	6752045	UnaryOperationExpression	& pctx -> ch [ channel ]		6752025	1					
ANR	6752046	UnaryOperator	&		6752025	0					
ANR	6752047	ArrayIndexing	pctx -> ch [ channel ]		6752025	1					
ANR	6752048	PtrMemberAccess	pctx -> ch		6752025	0					
ANR	6752049	Identifier	pctx		6752025	0					
ANR	6752050	Identifier	ch		6752025	1					
ANR	6752051	Identifier	channel		6752025	1					
ANR	6752052	IdentifierDeclStatement	"int i , w , g ;"	11:4:275:286	6752025	2	True				
ANR	6752053	IdentifierDecl	i		6752025	0					
ANR	6752054	IdentifierDeclType	int		6752025	0					
ANR	6752055	Identifier	i		6752025	1					
ANR	6752056	IdentifierDecl	w		6752025	1					
ANR	6752057	IdentifierDeclType	int		6752025	0					
ANR	6752058	Identifier	w		6752025	1					
ANR	6752059	IdentifierDecl	g		6752025	2					
ANR	6752060	IdentifierDeclType	int		6752025	0					
ANR	6752061	Identifier	g		6752025	1					
ANR	6752062	IdentifierDeclStatement	"float desired_bits , desired_pe , delta_pe , reduction = NAN , spread_en [ 128 ] = { 0 } ;"	13:4:293:371	6752025	3	True				
ANR	6752063	IdentifierDecl	desired_bits		6752025	0					
ANR	6752064	IdentifierDeclType	float		6752025	0					
ANR	6752065	Identifier	desired_bits		6752025	1					
ANR	6752066	IdentifierDecl	desired_pe		6752025	1					
ANR	6752067	IdentifierDeclType	float		6752025	0					
ANR	6752068	Identifier	desired_pe		6752025	1					
ANR	6752069	IdentifierDecl	delta_pe		6752025	2					
ANR	6752070	IdentifierDeclType	float		6752025	0					
ANR	6752071	Identifier	delta_pe		6752025	1					
ANR	6752072	IdentifierDecl	reduction = NAN		6752025	3					
ANR	6752073	IdentifierDeclType	float		6752025	0					
ANR	6752074	Identifier	reduction		6752025	1					
ANR	6752075	AssignmentExpression	reduction = NAN		6752025	2		=			
ANR	6752076	Identifier	NAN		6752025	0					
ANR	6752077	Identifier	NAN		6752025	1					
ANR	6752078	IdentifierDecl	spread_en [ 128 ] = { 0 }		6752025	4					
ANR	6752079	IdentifierDeclType	float [ 128 ]		6752025	0					
ANR	6752080	Identifier	spread_en		6752025	1					
ANR	6752081	PrimaryExpression	128		6752025	2					
ANR	6752082	AssignmentExpression	spread_en [ 128 ] = { 0 }		6752025	3		=			
ANR	6752083	Identifier	spread_en		6752025	0					
ANR	6752084	InitializerList	0		6752025	1					
ANR	6752085	PrimaryExpression	0		6752025	0					
ANR	6752086	IdentifierDeclStatement	"float a = 0.0f , active_lines = 0.0f , norm_fac = 0.0f ;"	15:4:378:430	6752025	4	True				
ANR	6752087	IdentifierDecl	a = 0.0f		6752025	0					
ANR	6752088	IdentifierDeclType	float		6752025	0					
ANR	6752089	Identifier	a		6752025	1					
ANR	6752090	AssignmentExpression	a = 0.0f		6752025	2		=			
ANR	6752091	Identifier	a		6752025	0					
ANR	6752092	PrimaryExpression	0.0f		6752025	1					
ANR	6752093	IdentifierDecl	active_lines = 0.0f		6752025	1					
ANR	6752094	IdentifierDeclType	float		6752025	0					
ANR	6752095	Identifier	active_lines		6752025	1					
ANR	6752096	AssignmentExpression	active_lines = 0.0f		6752025	2		=			
ANR	6752097	Identifier	active_lines		6752025	0					
ANR	6752098	PrimaryExpression	0.0f		6752025	1					
ANR	6752099	IdentifierDecl	norm_fac = 0.0f		6752025	2					
ANR	6752100	IdentifierDeclType	float		6752025	0					
ANR	6752101	Identifier	norm_fac		6752025	1					
ANR	6752102	AssignmentExpression	norm_fac = 0.0f		6752025	2		=			
ANR	6752103	Identifier	norm_fac		6752025	0					
ANR	6752104	PrimaryExpression	0.0f		6752025	1					
ANR	6752105	IdentifierDeclStatement	"float pe = pctx -> chan_bitrate > 32000 ? 0.0f : FFMAX ( 50.0f , 100.0f - pctx -> chan_bitrate * 100.0f / 32000.0f ) ;"	17:4:437:545	6752025	5	True				
ANR	6752106	IdentifierDecl	"pe = pctx -> chan_bitrate > 32000 ? 0.0f : FFMAX ( 50.0f , 100.0f - pctx -> chan_bitrate * 100.0f / 32000.0f )"		6752025	0					
ANR	6752107	IdentifierDeclType	float		6752025	0					
ANR	6752108	Identifier	pe		6752025	1					
ANR	6752109	AssignmentExpression	"pe = pctx -> chan_bitrate > 32000 ? 0.0f : FFMAX ( 50.0f , 100.0f - pctx -> chan_bitrate * 100.0f / 32000.0f )"		6752025	2		=			
ANR	6752110	Identifier	pe		6752025	0					
ANR	6752111	ConditionalExpression	"pctx -> chan_bitrate > 32000 ? 0.0f : FFMAX ( 50.0f , 100.0f - pctx -> chan_bitrate * 100.0f / 32000.0f )"		6752025	1					
ANR	6752112	Condition	pctx -> chan_bitrate > 32000		6752025	0					
ANR	6752113	RelationalExpression	pctx -> chan_bitrate > 32000		6752025	0		>			
ANR	6752114	PtrMemberAccess	pctx -> chan_bitrate		6752025	0					
ANR	6752115	Identifier	pctx		6752025	0					
ANR	6752116	Identifier	chan_bitrate		6752025	1					
ANR	6752117	PrimaryExpression	32000		6752025	1					
ANR	6752118	PrimaryExpression	0.0f		6752025	1					
ANR	6752119	CallExpression	"FFMAX ( 50.0f , 100.0f - pctx -> chan_bitrate * 100.0f / 32000.0f )"		6752025	2					
ANR	6752120	Callee	FFMAX		6752025	0					
ANR	6752121	Identifier	FFMAX		6752025	0					
ANR	6752122	ArgumentList	50.0f		6752025	1					
ANR	6752123	Argument	50.0f		6752025	0					
ANR	6752124	PrimaryExpression	50.0f		6752025	0					
ANR	6752125	Argument	100.0f - pctx -> chan_bitrate * 100.0f / 32000.0f		6752025	1					
ANR	6752126	AdditiveExpression	100.0f - pctx -> chan_bitrate * 100.0f / 32000.0f		6752025	0		-			
ANR	6752127	PrimaryExpression	100.0f		6752025	0					
ANR	6752128	MultiplicativeExpression	pctx -> chan_bitrate * 100.0f / 32000.0f		6752025	1		*			
ANR	6752129	PtrMemberAccess	pctx -> chan_bitrate		6752025	0					
ANR	6752130	Identifier	pctx		6752025	0					
ANR	6752131	Identifier	chan_bitrate		6752025	1					
ANR	6752132	MultiplicativeExpression	100.0f / 32000.0f		6752025	1		/			
ANR	6752133	PrimaryExpression	100.0f		6752025	0					
ANR	6752134	PrimaryExpression	32000.0f		6752025	1					
ANR	6752135	IdentifierDeclStatement	const int num_bands = ctx -> num_bands [ wi -> num_windows == 8 ] ;	19:4:552:617	6752025	6	True				
ANR	6752136	IdentifierDecl	num_bands = ctx -> num_bands [ wi -> num_windows == 8 ]		6752025	0					
ANR	6752137	IdentifierDeclType	const int		6752025	0					
ANR	6752138	Identifier	num_bands		6752025	1					
ANR	6752139	AssignmentExpression	num_bands = ctx -> num_bands [ wi -> num_windows == 8 ]		6752025	2		=			
ANR	6752140	Identifier	num_bands		6752025	0					
ANR	6752141	ArrayIndexing	ctx -> num_bands [ wi -> num_windows == 8 ]		6752025	1					
ANR	6752142	PtrMemberAccess	ctx -> num_bands		6752025	0					
ANR	6752143	Identifier	ctx		6752025	0					
ANR	6752144	Identifier	num_bands		6752025	1					
ANR	6752145	EqualityExpression	wi -> num_windows == 8		6752025	1		==			
ANR	6752146	PtrMemberAccess	wi -> num_windows		6752025	0					
ANR	6752147	Identifier	wi		6752025	0					
ANR	6752148	Identifier	num_windows		6752025	1					
ANR	6752149	PrimaryExpression	8		6752025	1					
ANR	6752150	IdentifierDeclStatement	const uint8_t * band_sizes = ctx -> bands [ wi -> num_windows == 8 ] ;	21:4:624:685	6752025	7	True				
ANR	6752151	IdentifierDecl	* band_sizes = ctx -> bands [ wi -> num_windows == 8 ]		6752025	0					
ANR	6752152	IdentifierDeclType	const uint8_t *		6752025	0					
ANR	6752153	Identifier	band_sizes		6752025	1					
ANR	6752154	AssignmentExpression	* band_sizes = ctx -> bands [ wi -> num_windows == 8 ]		6752025	2		=			
ANR	6752155	Identifier	band_sizes		6752025	0					
ANR	6752156	ArrayIndexing	ctx -> bands [ wi -> num_windows == 8 ]		6752025	1					
ANR	6752157	PtrMemberAccess	ctx -> bands		6752025	0					
ANR	6752158	Identifier	ctx		6752025	0					
ANR	6752159	Identifier	bands		6752025	1					
ANR	6752160	EqualityExpression	wi -> num_windows == 8		6752025	1		==			
ANR	6752161	PtrMemberAccess	wi -> num_windows		6752025	0					
ANR	6752162	Identifier	wi		6752025	0					
ANR	6752163	Identifier	num_windows		6752025	1					
ANR	6752164	PrimaryExpression	8		6752025	1					
ANR	6752165	IdentifierDeclStatement	AacPsyCoeffs * coeffs = pctx -> psy_coef [ wi -> num_windows == 8 ] ;	23:4:692:757	6752025	8	True				
ANR	6752166	IdentifierDecl	* coeffs = pctx -> psy_coef [ wi -> num_windows == 8 ]		6752025	0					
ANR	6752167	IdentifierDeclType	AacPsyCoeffs *		6752025	0					
ANR	6752168	Identifier	coeffs		6752025	1					
ANR	6752169	AssignmentExpression	* coeffs = pctx -> psy_coef [ wi -> num_windows == 8 ]		6752025	2		=			
ANR	6752170	Identifier	coeffs		6752025	0					
ANR	6752171	ArrayIndexing	pctx -> psy_coef [ wi -> num_windows == 8 ]		6752025	1					
ANR	6752172	PtrMemberAccess	pctx -> psy_coef		6752025	0					
ANR	6752173	Identifier	pctx		6752025	0					
ANR	6752174	Identifier	psy_coef		6752025	1					
ANR	6752175	EqualityExpression	wi -> num_windows == 8		6752025	1		==			
ANR	6752176	PtrMemberAccess	wi -> num_windows		6752025	0					
ANR	6752177	Identifier	wi		6752025	0					
ANR	6752178	Identifier	num_windows		6752025	1					
ANR	6752179	PrimaryExpression	8		6752025	1					
ANR	6752180	IdentifierDeclStatement	const float avoid_hole_thr = wi -> num_windows == 8 ? PSY_3GPP_AH_THR_SHORT : PSY_3GPP_AH_THR_LONG ;	25:4:764:860	6752025	9	True				
ANR	6752181	IdentifierDecl	avoid_hole_thr = wi -> num_windows == 8 ? PSY_3GPP_AH_THR_SHORT : PSY_3GPP_AH_THR_LONG		6752025	0					
ANR	6752182	IdentifierDeclType	const float		6752025	0					
ANR	6752183	Identifier	avoid_hole_thr		6752025	1					
ANR	6752184	AssignmentExpression	avoid_hole_thr = wi -> num_windows == 8 ? PSY_3GPP_AH_THR_SHORT : PSY_3GPP_AH_THR_LONG		6752025	2		=			
ANR	6752185	Identifier	avoid_hole_thr		6752025	0					
ANR	6752186	ConditionalExpression	wi -> num_windows == 8 ? PSY_3GPP_AH_THR_SHORT : PSY_3GPP_AH_THR_LONG		6752025	1					
ANR	6752187	Condition	wi -> num_windows == 8		6752025	0					
ANR	6752188	EqualityExpression	wi -> num_windows == 8		6752025	0		==			
ANR	6752189	PtrMemberAccess	wi -> num_windows		6752025	0					
ANR	6752190	Identifier	wi		6752025	0					
ANR	6752191	Identifier	num_windows		6752025	1					
ANR	6752192	PrimaryExpression	8		6752025	1					
ANR	6752193	Identifier	PSY_3GPP_AH_THR_SHORT		6752025	1					
ANR	6752194	Identifier	PSY_3GPP_AH_THR_LONG		6752025	2					
ANR	6752195	ExpressionStatement	"calc_thr_3gpp ( wi , num_bands , pch , band_sizes , coefs )"	31:4:966:1018	6752025	10	True				
ANR	6752196	CallExpression	"calc_thr_3gpp ( wi , num_bands , pch , band_sizes , coefs )"		6752025	0					
ANR	6752197	Callee	calc_thr_3gpp		6752025	0					
ANR	6752198	Identifier	calc_thr_3gpp		6752025	0					
ANR	6752199	ArgumentList	wi		6752025	1					
ANR	6752200	Argument	wi		6752025	0					
ANR	6752201	Identifier	wi		6752025	0					
ANR	6752202	Argument	num_bands		6752025	1					
ANR	6752203	Identifier	num_bands		6752025	0					
ANR	6752204	Argument	pch		6752025	2					
ANR	6752205	Identifier	pch		6752025	0					
ANR	6752206	Argument	band_sizes		6752025	3					
ANR	6752207	Identifier	band_sizes		6752025	0					
ANR	6752208	Argument	coefs		6752025	4					
ANR	6752209	Identifier	coefs		6752025	0					
ANR	6752210	ForStatement	for ( w = 0 ; w < wi -> num_windows * 16 ; w += 16 )		6752025	11					
ANR	6752211	ForInit	w = 0 ;	37:9:1117:1122	6752025	0	True				
ANR	6752212	AssignmentExpression	w = 0		6752025	0		=			
ANR	6752213	Identifier	w		6752025	0					
ANR	6752214	PrimaryExpression	0		6752025	1					
ANR	6752215	Condition	w < wi -> num_windows * 16	37:16:1124:1145	6752025	1	True				
ANR	6752216	RelationalExpression	w < wi -> num_windows * 16		6752025	0		<			
ANR	6752217	Identifier	w		6752025	0					
ANR	6752218	MultiplicativeExpression	wi -> num_windows * 16		6752025	1		*			
ANR	6752219	PtrMemberAccess	wi -> num_windows		6752025	0					
ANR	6752220	Identifier	wi		6752025	0					
ANR	6752221	Identifier	num_windows		6752025	1					
ANR	6752222	PrimaryExpression	16		6752025	1					
ANR	6752223	AssignmentExpression	w += 16	37:40:1148:1154	6752025	2	True	+=			
ANR	6752224	Identifier	w		6752025	0					
ANR	6752225	PrimaryExpression	16		6752025	1					
ANR	6752226	CompoundStatement		35:8:1012:1045	6752025	3					
ANR	6752227	IdentifierDeclStatement	AacPsyBand * bands = & pch -> band [ w ] ;	39:8:1168:1201	6752025	0	True				
ANR	6752228	IdentifierDecl	* bands = & pch -> band [ w ]		6752025	0					
ANR	6752229	IdentifierDeclType	AacPsyBand *		6752025	0					
ANR	6752230	Identifier	bands		6752025	1					
ANR	6752231	AssignmentExpression	* bands = & pch -> band [ w ]		6752025	2		=			
ANR	6752232	Identifier	bands		6752025	0					
ANR	6752233	UnaryOperationExpression	& pch -> band [ w ]		6752025	1					
ANR	6752234	UnaryOperator	&		6752025	0					
ANR	6752235	ArrayIndexing	pch -> band [ w ]		6752025	1					
ANR	6752236	PtrMemberAccess	pch -> band		6752025	0					
ANR	6752237	Identifier	pch		6752025	0					
ANR	6752238	Identifier	band		6752025	1					
ANR	6752239	Identifier	w		6752025	1					
ANR	6752240	ExpressionStatement	spread_en [ 0 ] = bands [ 0 ] . energy	45:8:1285:1315	6752025	1	True				
ANR	6752241	AssignmentExpression	spread_en [ 0 ] = bands [ 0 ] . energy		6752025	0		=			
ANR	6752242	ArrayIndexing	spread_en [ 0 ]		6752025	0					
ANR	6752243	Identifier	spread_en		6752025	0					
ANR	6752244	PrimaryExpression	0		6752025	1					
ANR	6752245	MemberAccess	bands [ 0 ] . energy		6752025	1					
ANR	6752246	ArrayIndexing	bands [ 0 ]		6752025	0					
ANR	6752247	Identifier	bands		6752025	0					
ANR	6752248	PrimaryExpression	0		6752025	1					
ANR	6752249	Identifier	energy		6752025	1					
ANR	6752250	ForStatement	for ( g = 1 ; g < num_bands ; g ++ )		6752025	2					
ANR	6752251	ForInit	g = 1 ;	47:13:1331:1336	6752025	0	True				
ANR	6752252	AssignmentExpression	g = 1		6752025	0		=			
ANR	6752253	Identifier	g		6752025	0					
ANR	6752254	PrimaryExpression	1		6752025	1					
ANR	6752255	Condition	g < num_bands	47:20:1338:1350	6752025	1	True				
ANR	6752256	RelationalExpression	g < num_bands		6752025	0		<			
ANR	6752257	Identifier	g		6752025	0					
ANR	6752258	Identifier	num_bands		6752025	1					
ANR	6752259	PostIncDecOperationExpression	g ++	47:35:1353:1355	6752025	2	True				
ANR	6752260	Identifier	g		6752025	0					
ANR	6752261	IncDec	++		6752025	1					
ANR	6752262	CompoundStatement		43:40:1202:1202	6752025	3					
ANR	6752263	ExpressionStatement	"bands [ g ] . thr = FFMAX ( bands [ g ] . thr , bands [ g - 1 ] . thr * coeffs [ g ] . spread_hi [ 0 ] )"	49:12:1373:1453	6752025	0	True				
ANR	6752264	AssignmentExpression	"bands [ g ] . thr = FFMAX ( bands [ g ] . thr , bands [ g - 1 ] . thr * coeffs [ g ] . spread_hi [ 0 ] )"		6752025	0		=			
ANR	6752265	MemberAccess	bands [ g ] . thr		6752025	0					
ANR	6752266	ArrayIndexing	bands [ g ]		6752025	0					
ANR	6752267	Identifier	bands		6752025	0					
ANR	6752268	Identifier	g		6752025	1					
ANR	6752269	Identifier	thr		6752025	1					
ANR	6752270	CallExpression	"FFMAX ( bands [ g ] . thr , bands [ g - 1 ] . thr * coeffs [ g ] . spread_hi [ 0 ] )"		6752025	1					
ANR	6752271	Callee	FFMAX		6752025	0					
ANR	6752272	Identifier	FFMAX		6752025	0					
ANR	6752273	ArgumentList	bands [ g ] . thr		6752025	1					
ANR	6752274	Argument	bands [ g ] . thr		6752025	0					
ANR	6752275	MemberAccess	bands [ g ] . thr		6752025	0					
ANR	6752276	ArrayIndexing	bands [ g ]		6752025	0					
ANR	6752277	Identifier	bands		6752025	0					
ANR	6752278	Identifier	g		6752025	1					
ANR	6752279	Identifier	thr		6752025	1					
ANR	6752280	Argument	bands [ g - 1 ] . thr * coeffs [ g ] . spread_hi [ 0 ]		6752025	1					
ANR	6752281	MultiplicativeExpression	bands [ g - 1 ] . thr * coeffs [ g ] . spread_hi [ 0 ]		6752025	0		*			
ANR	6752282	MemberAccess	bands [ g - 1 ] . thr		6752025	0					
ANR	6752283	ArrayIndexing	bands [ g - 1 ]		6752025	0					
ANR	6752284	Identifier	bands		6752025	0					
ANR	6752285	AdditiveExpression	g - 1		6752025	1		-			
ANR	6752286	Identifier	g		6752025	0					
ANR	6752287	PrimaryExpression	1		6752025	1					
ANR	6752288	Identifier	thr		6752025	1					
ANR	6752289	ArrayIndexing	coeffs [ g ] . spread_hi [ 0 ]		6752025	1					
ANR	6752290	MemberAccess	coeffs [ g ] . spread_hi		6752025	0					
ANR	6752291	ArrayIndexing	coeffs [ g ]		6752025	0					
ANR	6752292	Identifier	coeffs		6752025	0					
ANR	6752293	Identifier	g		6752025	1					
ANR	6752294	Identifier	spread_hi		6752025	1					
ANR	6752295	PrimaryExpression	0		6752025	1					
ANR	6752296	ExpressionStatement	"spread_en [ w + g ] = FFMAX ( bands [ g ] . energy , spread_en [ w + g - 1 ] * coeffs [ g ] . spread_hi [ 1 ] )"	51:12:1468:1550	6752025	1	True				
ANR	6752297	AssignmentExpression	"spread_en [ w + g ] = FFMAX ( bands [ g ] . energy , spread_en [ w + g - 1 ] * coeffs [ g ] . spread_hi [ 1 ] )"		6752025	0		=			
ANR	6752298	ArrayIndexing	spread_en [ w + g ]		6752025	0					
ANR	6752299	Identifier	spread_en		6752025	0					
ANR	6752300	AdditiveExpression	w + g		6752025	1		+			
ANR	6752301	Identifier	w		6752025	0					
ANR	6752302	Identifier	g		6752025	1					
ANR	6752303	CallExpression	"FFMAX ( bands [ g ] . energy , spread_en [ w + g - 1 ] * coeffs [ g ] . spread_hi [ 1 ] )"		6752025	1					
ANR	6752304	Callee	FFMAX		6752025	0					
ANR	6752305	Identifier	FFMAX		6752025	0					
ANR	6752306	ArgumentList	bands [ g ] . energy		6752025	1					
ANR	6752307	Argument	bands [ g ] . energy		6752025	0					
ANR	6752308	MemberAccess	bands [ g ] . energy		6752025	0					
ANR	6752309	ArrayIndexing	bands [ g ]		6752025	0					
ANR	6752310	Identifier	bands		6752025	0					
ANR	6752311	Identifier	g		6752025	1					
ANR	6752312	Identifier	energy		6752025	1					
ANR	6752313	Argument	spread_en [ w + g - 1 ] * coeffs [ g ] . spread_hi [ 1 ]		6752025	1					
ANR	6752314	MultiplicativeExpression	spread_en [ w + g - 1 ] * coeffs [ g ] . spread_hi [ 1 ]		6752025	0		*			
ANR	6752315	ArrayIndexing	spread_en [ w + g - 1 ]		6752025	0					
ANR	6752316	Identifier	spread_en		6752025	0					
ANR	6752317	AdditiveExpression	w + g - 1		6752025	1		+			
ANR	6752318	Identifier	w		6752025	0					
ANR	6752319	AdditiveExpression	g - 1		6752025	1		-			
ANR	6752320	Identifier	g		6752025	0					
ANR	6752321	PrimaryExpression	1		6752025	1					
ANR	6752322	ArrayIndexing	coeffs [ g ] . spread_hi [ 1 ]		6752025	1					
ANR	6752323	MemberAccess	coeffs [ g ] . spread_hi		6752025	0					
ANR	6752324	ArrayIndexing	coeffs [ g ]		6752025	0					
ANR	6752325	Identifier	coeffs		6752025	0					
ANR	6752326	Identifier	g		6752025	1					
ANR	6752327	Identifier	spread_hi		6752025	1					
ANR	6752328	PrimaryExpression	1		6752025	1					
ANR	6752329	ForStatement	for ( g = num_bands - 2 ; g >= 0 ; g -- )		6752025	3					
ANR	6752330	ForInit	g = num_bands - 2 ;	55:13:1577:1594	6752025	0	True				
ANR	6752331	AssignmentExpression	g = num_bands - 2		6752025	0		=			
ANR	6752332	Identifier	g		6752025	0					
ANR	6752333	AdditiveExpression	num_bands - 2		6752025	1		-			
ANR	6752334	Identifier	num_bands		6752025	0					
ANR	6752335	PrimaryExpression	2		6752025	1					
ANR	6752336	Condition	g >= 0	55:32:1596:1601	6752025	1	True				
ANR	6752337	RelationalExpression	g >= 0		6752025	0		>=			
ANR	6752338	Identifier	g		6752025	0					
ANR	6752339	PrimaryExpression	0		6752025	1					
ANR	6752340	PostIncDecOperationExpression	g --	55:40:1604:1606	6752025	2	True				
ANR	6752341	Identifier	g		6752025	0					
ANR	6752342	IncDec	--		6752025	1					
ANR	6752343	CompoundStatement		51:45:1453:1453	6752025	3					
ANR	6752344	ExpressionStatement	"bands [ g ] . thr = FFMAX ( bands [ g ] . thr , bands [ g + 1 ] . thr * coeffs [ g ] . spread_low [ 0 ] )"	57:12:1624:1704	6752025	0	True				
ANR	6752345	AssignmentExpression	"bands [ g ] . thr = FFMAX ( bands [ g ] . thr , bands [ g + 1 ] . thr * coeffs [ g ] . spread_low [ 0 ] )"		6752025	0		=			
ANR	6752346	MemberAccess	bands [ g ] . thr		6752025	0					
ANR	6752347	ArrayIndexing	bands [ g ]		6752025	0					
ANR	6752348	Identifier	bands		6752025	0					
ANR	6752349	Identifier	g		6752025	1					
ANR	6752350	Identifier	thr		6752025	1					
ANR	6752351	CallExpression	"FFMAX ( bands [ g ] . thr , bands [ g + 1 ] . thr * coeffs [ g ] . spread_low [ 0 ] )"		6752025	1					
ANR	6752352	Callee	FFMAX		6752025	0					
ANR	6752353	Identifier	FFMAX		6752025	0					
ANR	6752354	ArgumentList	bands [ g ] . thr		6752025	1					
ANR	6752355	Argument	bands [ g ] . thr		6752025	0					
ANR	6752356	MemberAccess	bands [ g ] . thr		6752025	0					
ANR	6752357	ArrayIndexing	bands [ g ]		6752025	0					
ANR	6752358	Identifier	bands		6752025	0					
ANR	6752359	Identifier	g		6752025	1					
ANR	6752360	Identifier	thr		6752025	1					
ANR	6752361	Argument	bands [ g + 1 ] . thr * coeffs [ g ] . spread_low [ 0 ]		6752025	1					
ANR	6752362	MultiplicativeExpression	bands [ g + 1 ] . thr * coeffs [ g ] . spread_low [ 0 ]		6752025	0		*			
ANR	6752363	MemberAccess	bands [ g + 1 ] . thr		6752025	0					
ANR	6752364	ArrayIndexing	bands [ g + 1 ]		6752025	0					
ANR	6752365	Identifier	bands		6752025	0					
ANR	6752366	AdditiveExpression	g + 1		6752025	1		+			
ANR	6752367	Identifier	g		6752025	0					
ANR	6752368	PrimaryExpression	1		6752025	1					
ANR	6752369	Identifier	thr		6752025	1					
ANR	6752370	ArrayIndexing	coeffs [ g ] . spread_low [ 0 ]		6752025	1					
ANR	6752371	MemberAccess	coeffs [ g ] . spread_low		6752025	0					
ANR	6752372	ArrayIndexing	coeffs [ g ]		6752025	0					
ANR	6752373	Identifier	coeffs		6752025	0					
ANR	6752374	Identifier	g		6752025	1					
ANR	6752375	Identifier	spread_low		6752025	1					
ANR	6752376	PrimaryExpression	0		6752025	1					
ANR	6752377	ExpressionStatement	"spread_en [ w + g ] = FFMAX ( spread_en [ w + g ] , spread_en [ w + g + 1 ] * coeffs [ g ] . spread_low [ 1 ] )"	59:12:1719:1801	6752025	1	True				
ANR	6752378	AssignmentExpression	"spread_en [ w + g ] = FFMAX ( spread_en [ w + g ] , spread_en [ w + g + 1 ] * coeffs [ g ] . spread_low [ 1 ] )"		6752025	0		=			
ANR	6752379	ArrayIndexing	spread_en [ w + g ]		6752025	0					
ANR	6752380	Identifier	spread_en		6752025	0					
ANR	6752381	AdditiveExpression	w + g		6752025	1		+			
ANR	6752382	Identifier	w		6752025	0					
ANR	6752383	Identifier	g		6752025	1					
ANR	6752384	CallExpression	"FFMAX ( spread_en [ w + g ] , spread_en [ w + g + 1 ] * coeffs [ g ] . spread_low [ 1 ] )"		6752025	1					
ANR	6752385	Callee	FFMAX		6752025	0					
ANR	6752386	Identifier	FFMAX		6752025	0					
ANR	6752387	ArgumentList	spread_en [ w + g ]		6752025	1					
ANR	6752388	Argument	spread_en [ w + g ]		6752025	0					
ANR	6752389	ArrayIndexing	spread_en [ w + g ]		6752025	0					
ANR	6752390	Identifier	spread_en		6752025	0					
ANR	6752391	AdditiveExpression	w + g		6752025	1		+			
ANR	6752392	Identifier	w		6752025	0					
ANR	6752393	Identifier	g		6752025	1					
ANR	6752394	Argument	spread_en [ w + g + 1 ] * coeffs [ g ] . spread_low [ 1 ]		6752025	1					
ANR	6752395	MultiplicativeExpression	spread_en [ w + g + 1 ] * coeffs [ g ] . spread_low [ 1 ]		6752025	0		*			
ANR	6752396	ArrayIndexing	spread_en [ w + g + 1 ]		6752025	0					
ANR	6752397	Identifier	spread_en		6752025	0					
ANR	6752398	AdditiveExpression	w + g + 1		6752025	1		+			
ANR	6752399	Identifier	w		6752025	0					
ANR	6752400	AdditiveExpression	g + 1		6752025	1		+			
ANR	6752401	Identifier	g		6752025	0					
ANR	6752402	PrimaryExpression	1		6752025	1					
ANR	6752403	ArrayIndexing	coeffs [ g ] . spread_low [ 1 ]		6752025	1					
ANR	6752404	MemberAccess	coeffs [ g ] . spread_low		6752025	0					
ANR	6752405	ArrayIndexing	coeffs [ g ]		6752025	0					
ANR	6752406	Identifier	coeffs		6752025	0					
ANR	6752407	Identifier	g		6752025	1					
ANR	6752408	Identifier	spread_low		6752025	1					
ANR	6752409	PrimaryExpression	1		6752025	1					
ANR	6752410	ForStatement	for ( g = 0 ; g < num_bands ; g ++ )		6752025	4					
ANR	6752411	ForInit	g = 0 ;	65:13:1868:1873	6752025	0	True				
ANR	6752412	AssignmentExpression	g = 0		6752025	0		=			
ANR	6752413	Identifier	g		6752025	0					
ANR	6752414	PrimaryExpression	0		6752025	1					
ANR	6752415	Condition	g < num_bands	65:20:1875:1887	6752025	1	True				
ANR	6752416	RelationalExpression	g < num_bands		6752025	0		<			
ANR	6752417	Identifier	g		6752025	0					
ANR	6752418	Identifier	num_bands		6752025	1					
ANR	6752419	PostIncDecOperationExpression	g ++	65:35:1890:1892	6752025	2	True				
ANR	6752420	Identifier	g		6752025	0					
ANR	6752421	IncDec	++		6752025	1					
ANR	6752422	CompoundStatement		63:12:1754:1782	6752025	3					
ANR	6752423	IdentifierDeclStatement	AacPsyBand * band = & bands [ g ] ;	67:12:1910:1938	6752025	0	True				
ANR	6752424	IdentifierDecl	* band = & bands [ g ]		6752025	0					
ANR	6752425	IdentifierDeclType	AacPsyBand *		6752025	0					
ANR	6752426	Identifier	band		6752025	1					
ANR	6752427	AssignmentExpression	* band = & bands [ g ]		6752025	2		=			
ANR	6752428	Identifier	band		6752025	0					
ANR	6752429	UnaryOperationExpression	& bands [ g ]		6752025	1					
ANR	6752430	UnaryOperator	&		6752025	0					
ANR	6752431	ArrayIndexing	bands [ g ]		6752025	1					
ANR	6752432	Identifier	bands		6752025	0					
ANR	6752433	Identifier	g		6752025	1					
ANR	6752434	ExpressionStatement	"band -> thr_quiet = band -> thr = FFMAX ( band -> thr , coeffs [ g ] . ath )"	71:12:1955:2016	6752025	1	True				
ANR	6752435	AssignmentExpression	"band -> thr_quiet = band -> thr = FFMAX ( band -> thr , coeffs [ g ] . ath )"		6752025	0		=			
ANR	6752436	PtrMemberAccess	band -> thr_quiet		6752025	0					
ANR	6752437	Identifier	band		6752025	0					
ANR	6752438	Identifier	thr_quiet		6752025	1					
ANR	6752439	AssignmentExpression	"band -> thr = FFMAX ( band -> thr , coeffs [ g ] . ath )"		6752025	1		=			
ANR	6752440	PtrMemberAccess	band -> thr		6752025	0					
ANR	6752441	Identifier	band		6752025	0					
ANR	6752442	Identifier	thr		6752025	1					
ANR	6752443	CallExpression	"FFMAX ( band -> thr , coeffs [ g ] . ath )"		6752025	1					
ANR	6752444	Callee	FFMAX		6752025	0					
ANR	6752445	Identifier	FFMAX		6752025	0					
ANR	6752446	ArgumentList	band -> thr		6752025	1					
ANR	6752447	Argument	band -> thr		6752025	0					
ANR	6752448	PtrMemberAccess	band -> thr		6752025	0					
ANR	6752449	Identifier	band		6752025	0					
ANR	6752450	Identifier	thr		6752025	1					
ANR	6752451	Argument	coeffs [ g ] . ath		6752025	1					
ANR	6752452	MemberAccess	coeffs [ g ] . ath		6752025	0					
ANR	6752453	ArrayIndexing	coeffs [ g ]		6752025	0					
ANR	6752454	Identifier	coeffs		6752025	0					
ANR	6752455	Identifier	g		6752025	1					
ANR	6752456	Identifier	ath		6752025	1					
ANR	6752457	IfStatement	if ( ! ( wi -> window_type [ 0 ] == LONG_STOP_SEQUENCE || ( wi -> window_type [ 1 ] == LONG_START_SEQUENCE && ! w ) ) )		6752025	2					
ANR	6752458	Condition	! ( wi -> window_type [ 0 ] == LONG_STOP_SEQUENCE || ( wi -> window_type [ 1 ] == LONG_START_SEQUENCE && ! w ) )	75:16:2077:2172	6752025	0	True				
ANR	6752459	UnaryOperationExpression	! ( wi -> window_type [ 0 ] == LONG_STOP_SEQUENCE || ( wi -> window_type [ 1 ] == LONG_START_SEQUENCE && ! w ) )		6752025	0					
ANR	6752460	UnaryOperator	!		6752025	0					
ANR	6752461	OrExpression	wi -> window_type [ 0 ] == LONG_STOP_SEQUENCE || ( wi -> window_type [ 1 ] == LONG_START_SEQUENCE && ! w )		6752025	1		||			
ANR	6752462	EqualityExpression	wi -> window_type [ 0 ] == LONG_STOP_SEQUENCE		6752025	0		==			
ANR	6752463	ArrayIndexing	wi -> window_type [ 0 ]		6752025	0					
ANR	6752464	PtrMemberAccess	wi -> window_type		6752025	0					
ANR	6752465	Identifier	wi		6752025	0					
ANR	6752466	Identifier	window_type		6752025	1					
ANR	6752467	PrimaryExpression	0		6752025	1					
ANR	6752468	Identifier	LONG_STOP_SEQUENCE		6752025	1					
ANR	6752469	AndExpression	wi -> window_type [ 1 ] == LONG_START_SEQUENCE && ! w		6752025	1		&&			
ANR	6752470	EqualityExpression	wi -> window_type [ 1 ] == LONG_START_SEQUENCE		6752025	0		==			
ANR	6752471	ArrayIndexing	wi -> window_type [ 1 ]		6752025	0					
ANR	6752472	PtrMemberAccess	wi -> window_type		6752025	0					
ANR	6752473	Identifier	wi		6752025	0					
ANR	6752474	Identifier	window_type		6752025	1					
ANR	6752475	PrimaryExpression	1		6752025	1					
ANR	6752476	Identifier	LONG_START_SEQUENCE		6752025	1					
ANR	6752477	UnaryOperationExpression	! w		6752025	1					
ANR	6752478	UnaryOperator	!		6752025	0					
ANR	6752479	Identifier	w		6752025	1					
ANR	6752480	ExpressionStatement	"band -> thr = FFMAX ( PSY_3GPP_RPEMIN * band -> thr , FFMIN ( band -> thr , PSY_3GPP_RPELEV * pch -> prev_band [ w + g ] . thr_quiet ) )"	77:16:2192:2336	6752025	1	True				
ANR	6752481	AssignmentExpression	"band -> thr = FFMAX ( PSY_3GPP_RPEMIN * band -> thr , FFMIN ( band -> thr , PSY_3GPP_RPELEV * pch -> prev_band [ w + g ] . thr_quiet ) )"		6752025	0		=			
ANR	6752482	PtrMemberAccess	band -> thr		6752025	0					
ANR	6752483	Identifier	band		6752025	0					
ANR	6752484	Identifier	thr		6752025	1					
ANR	6752485	CallExpression	"FFMAX ( PSY_3GPP_RPEMIN * band -> thr , FFMIN ( band -> thr , PSY_3GPP_RPELEV * pch -> prev_band [ w + g ] . thr_quiet ) )"		6752025	1					
ANR	6752486	Callee	FFMAX		6752025	0					
ANR	6752487	Identifier	FFMAX		6752025	0					
ANR	6752488	ArgumentList	PSY_3GPP_RPEMIN * band -> thr		6752025	1					
ANR	6752489	Argument	PSY_3GPP_RPEMIN * band -> thr		6752025	0					
ANR	6752490	MultiplicativeExpression	PSY_3GPP_RPEMIN * band -> thr		6752025	0		*			
ANR	6752491	Identifier	PSY_3GPP_RPEMIN		6752025	0					
ANR	6752492	PtrMemberAccess	band -> thr		6752025	1					
ANR	6752493	Identifier	band		6752025	0					
ANR	6752494	Identifier	thr		6752025	1					
ANR	6752495	Argument	"FFMIN ( band -> thr , PSY_3GPP_RPELEV * pch -> prev_band [ w + g ] . thr_quiet )"		6752025	1					
ANR	6752496	CallExpression	"FFMIN ( band -> thr , PSY_3GPP_RPELEV * pch -> prev_band [ w + g ] . thr_quiet )"		6752025	0					
ANR	6752497	Callee	FFMIN		6752025	0					
ANR	6752498	Identifier	FFMIN		6752025	0					
ANR	6752499	ArgumentList	band -> thr		6752025	1					
ANR	6752500	Argument	band -> thr		6752025	0					
ANR	6752501	PtrMemberAccess	band -> thr		6752025	0					
ANR	6752502	Identifier	band		6752025	0					
ANR	6752503	Identifier	thr		6752025	1					
ANR	6752504	Argument	PSY_3GPP_RPELEV * pch -> prev_band [ w + g ] . thr_quiet		6752025	1					
ANR	6752505	MultiplicativeExpression	PSY_3GPP_RPELEV * pch -> prev_band [ w + g ] . thr_quiet		6752025	0		*			
ANR	6752506	Identifier	PSY_3GPP_RPELEV		6752025	0					
ANR	6752507	MemberAccess	pch -> prev_band [ w + g ] . thr_quiet		6752025	1					
ANR	6752508	ArrayIndexing	pch -> prev_band [ w + g ]		6752025	0					
ANR	6752509	PtrMemberAccess	pch -> prev_band		6752025	0					
ANR	6752510	Identifier	pch		6752025	0					
ANR	6752511	Identifier	prev_band		6752025	1					
ANR	6752512	AdditiveExpression	w + g		6752025	1		+			
ANR	6752513	Identifier	w		6752025	0					
ANR	6752514	Identifier	g		6752025	1					
ANR	6752515	Identifier	thr_quiet		6752025	1					
ANR	6752516	ExpressionStatement	pe += calc_pe_3gpp ( band )	85:12:2440:2464	6752025	3	True				
ANR	6752517	AssignmentExpression	pe += calc_pe_3gpp ( band )		6752025	0		+=			
ANR	6752518	Identifier	pe		6752025	0					
ANR	6752519	CallExpression	calc_pe_3gpp ( band )		6752025	1					
ANR	6752520	Callee	calc_pe_3gpp		6752025	0					
ANR	6752521	Identifier	calc_pe_3gpp		6752025	0					
ANR	6752522	ArgumentList	band		6752025	1					
ANR	6752523	Argument	band		6752025	0					
ANR	6752524	Identifier	band		6752025	0					
ANR	6752525	ExpressionStatement	a += band -> pe_const	87:12:2479:2499	6752025	4	True				
ANR	6752526	AssignmentExpression	a += band -> pe_const		6752025	0		+=			
ANR	6752527	Identifier	a		6752025	0					
ANR	6752528	PtrMemberAccess	band -> pe_const		6752025	1					
ANR	6752529	Identifier	band		6752025	0					
ANR	6752530	Identifier	pe_const		6752025	1					
ANR	6752531	ExpressionStatement	active_lines += band -> active_lines	89:12:2514:2548	6752025	5	True				
ANR	6752532	AssignmentExpression	active_lines += band -> active_lines		6752025	0		+=			
ANR	6752533	Identifier	active_lines		6752025	0					
ANR	6752534	PtrMemberAccess	band -> active_lines		6752025	1					
ANR	6752535	Identifier	band		6752025	0					
ANR	6752536	Identifier	active_lines		6752025	1					
ANR	6752537	IfStatement	if ( spread_en [ w + g ] * avoid_hole_thr > band -> energy || coeffs [ g ] . min_snr > 1.0f )		6752025	6					
ANR	6752538	Condition	spread_en [ w + g ] * avoid_hole_thr > band -> energy || coeffs [ g ] . min_snr > 1.0f	95:16:2646:2719	6752025	0	True				
ANR	6752539	OrExpression	spread_en [ w + g ] * avoid_hole_thr > band -> energy || coeffs [ g ] . min_snr > 1.0f		6752025	0		||			
ANR	6752540	RelationalExpression	spread_en [ w + g ] * avoid_hole_thr > band -> energy		6752025	0		>			
ANR	6752541	MultiplicativeExpression	spread_en [ w + g ] * avoid_hole_thr		6752025	0		*			
ANR	6752542	ArrayIndexing	spread_en [ w + g ]		6752025	0					
ANR	6752543	Identifier	spread_en		6752025	0					
ANR	6752544	AdditiveExpression	w + g		6752025	1		+			
ANR	6752545	Identifier	w		6752025	0					
ANR	6752546	Identifier	g		6752025	1					
ANR	6752547	Identifier	avoid_hole_thr		6752025	1					
ANR	6752548	PtrMemberAccess	band -> energy		6752025	1					
ANR	6752549	Identifier	band		6752025	0					
ANR	6752550	Identifier	energy		6752025	1					
ANR	6752551	RelationalExpression	coeffs [ g ] . min_snr > 1.0f		6752025	1		>			
ANR	6752552	MemberAccess	coeffs [ g ] . min_snr		6752025	0					
ANR	6752553	ArrayIndexing	coeffs [ g ]		6752025	0					
ANR	6752554	Identifier	coeffs		6752025	0					
ANR	6752555	Identifier	g		6752025	1					
ANR	6752556	Identifier	min_snr		6752025	1					
ANR	6752557	PrimaryExpression	1.0f		6752025	1					
ANR	6752558	ExpressionStatement	band -> avoid_holes = PSY_3GPP_AH_NONE	97:16:2739:2775	6752025	1	True				
ANR	6752559	AssignmentExpression	band -> avoid_holes = PSY_3GPP_AH_NONE		6752025	0		=			
ANR	6752560	PtrMemberAccess	band -> avoid_holes		6752025	0					
ANR	6752561	Identifier	band		6752025	0					
ANR	6752562	Identifier	avoid_holes		6752025	1					
ANR	6752563	Identifier	PSY_3GPP_AH_NONE		6752025	1					
ANR	6752564	ElseStatement	else		6752025	0					
ANR	6752565	ExpressionStatement	band -> avoid_holes = PSY_3GPP_AH_INACTIVE	101:16:2812:2852	6752025	0	True				
ANR	6752566	AssignmentExpression	band -> avoid_holes = PSY_3GPP_AH_INACTIVE		6752025	0		=			
ANR	6752567	PtrMemberAccess	band -> avoid_holes		6752025	0					
ANR	6752568	Identifier	band		6752025	0					
ANR	6752569	Identifier	avoid_holes		6752025	1					
ANR	6752570	Identifier	PSY_3GPP_AH_INACTIVE		6752025	1					
ANR	6752571	ExpressionStatement	ctx -> ch [ channel ] . entropy = pe	111:4:2948:2977	6752025	12	True				
ANR	6752572	AssignmentExpression	ctx -> ch [ channel ] . entropy = pe		6752025	0		=			
ANR	6752573	MemberAccess	ctx -> ch [ channel ] . entropy		6752025	0					
ANR	6752574	ArrayIndexing	ctx -> ch [ channel ]		6752025	0					
ANR	6752575	PtrMemberAccess	ctx -> ch		6752025	0					
ANR	6752576	Identifier	ctx		6752025	0					
ANR	6752577	Identifier	ch		6752025	1					
ANR	6752578	Identifier	channel		6752025	1					
ANR	6752579	Identifier	entropy		6752025	1					
ANR	6752580	Identifier	pe		6752025	1					
ANR	6752581	ExpressionStatement	"desired_bits = calc_bit_demand ( pctx , pe , ctx -> bitres . bits , ctx -> bitres . size , wi -> num_windows == 8 )"	113:4:2984:3082	6752025	13	True				
ANR	6752582	AssignmentExpression	"desired_bits = calc_bit_demand ( pctx , pe , ctx -> bitres . bits , ctx -> bitres . size , wi -> num_windows == 8 )"		6752025	0		=			
ANR	6752583	Identifier	desired_bits		6752025	0					
ANR	6752584	CallExpression	"calc_bit_demand ( pctx , pe , ctx -> bitres . bits , ctx -> bitres . size , wi -> num_windows == 8 )"		6752025	1					
ANR	6752585	Callee	calc_bit_demand		6752025	0					
ANR	6752586	Identifier	calc_bit_demand		6752025	0					
ANR	6752587	ArgumentList	pctx		6752025	1					
ANR	6752588	Argument	pctx		6752025	0					
ANR	6752589	Identifier	pctx		6752025	0					
ANR	6752590	Argument	pe		6752025	1					
ANR	6752591	Identifier	pe		6752025	0					
ANR	6752592	Argument	ctx -> bitres . bits		6752025	2					
ANR	6752593	MemberAccess	ctx -> bitres . bits		6752025	0					
ANR	6752594	PtrMemberAccess	ctx -> bitres		6752025	0					
ANR	6752595	Identifier	ctx		6752025	0					
ANR	6752596	Identifier	bitres		6752025	1					
ANR	6752597	Identifier	bits		6752025	1					
ANR	6752598	Argument	ctx -> bitres . size		6752025	3					
ANR	6752599	MemberAccess	ctx -> bitres . size		6752025	0					
ANR	6752600	PtrMemberAccess	ctx -> bitres		6752025	0					
ANR	6752601	Identifier	ctx		6752025	0					
ANR	6752602	Identifier	bitres		6752025	1					
ANR	6752603	Identifier	size		6752025	1					
ANR	6752604	Argument	wi -> num_windows == 8		6752025	4					
ANR	6752605	EqualityExpression	wi -> num_windows == 8		6752025	0		==			
ANR	6752606	PtrMemberAccess	wi -> num_windows		6752025	0					
ANR	6752607	Identifier	wi		6752025	0					
ANR	6752608	Identifier	num_windows		6752025	1					
ANR	6752609	PrimaryExpression	8		6752025	1					
ANR	6752610	ExpressionStatement	desired_pe = PSY_3GPP_BITS_TO_PE ( desired_bits )	115:4:3089:3135	6752025	14	True				
ANR	6752611	AssignmentExpression	desired_pe = PSY_3GPP_BITS_TO_PE ( desired_bits )		6752025	0		=			
ANR	6752612	Identifier	desired_pe		6752025	0					
ANR	6752613	CallExpression	PSY_3GPP_BITS_TO_PE ( desired_bits )		6752025	1					
ANR	6752614	Callee	PSY_3GPP_BITS_TO_PE		6752025	0					
ANR	6752615	Identifier	PSY_3GPP_BITS_TO_PE		6752025	0					
ANR	6752616	ArgumentList	desired_bits		6752025	1					
ANR	6752617	Argument	desired_bits		6752025	0					
ANR	6752618	Identifier	desired_bits		6752025	0					
ANR	6752619	IfStatement	if ( ctx -> bitres . bits > 0 )		6752025	15					
ANR	6752620	Condition	ctx -> bitres . bits > 0	125:8:3359:3378	6752025	0	True				
ANR	6752621	RelationalExpression	ctx -> bitres . bits > 0		6752025	0		>			
ANR	6752622	MemberAccess	ctx -> bitres . bits		6752025	0					
ANR	6752623	PtrMemberAccess	ctx -> bitres		6752025	0					
ANR	6752624	Identifier	ctx		6752025	0					
ANR	6752625	Identifier	bitres		6752025	1					
ANR	6752626	Identifier	bits		6752025	1					
ANR	6752627	PrimaryExpression	0		6752025	1					
ANR	6752628	ExpressionStatement	"desired_pe *= av_clipf ( pctx -> pe . previous / PSY_3GPP_BITS_TO_PE ( ctx -> bitres . bits ) , 0.85f , 1.15f )"	127:8:3390:3517	6752025	1	True				
ANR	6752629	AssignmentExpression	"desired_pe *= av_clipf ( pctx -> pe . previous / PSY_3GPP_BITS_TO_PE ( ctx -> bitres . bits ) , 0.85f , 1.15f )"		6752025	0		*=			
ANR	6752630	Identifier	desired_pe		6752025	0					
ANR	6752631	CallExpression	"av_clipf ( pctx -> pe . previous / PSY_3GPP_BITS_TO_PE ( ctx -> bitres . bits ) , 0.85f , 1.15f )"		6752025	1					
ANR	6752632	Callee	av_clipf		6752025	0					
ANR	6752633	Identifier	av_clipf		6752025	0					
ANR	6752634	ArgumentList	pctx -> pe . previous / PSY_3GPP_BITS_TO_PE ( ctx -> bitres . bits )		6752025	1					
ANR	6752635	Argument	pctx -> pe . previous / PSY_3GPP_BITS_TO_PE ( ctx -> bitres . bits )		6752025	0					
ANR	6752636	MultiplicativeExpression	pctx -> pe . previous / PSY_3GPP_BITS_TO_PE ( ctx -> bitres . bits )		6752025	0		/			
ANR	6752637	MemberAccess	pctx -> pe . previous		6752025	0					
ANR	6752638	PtrMemberAccess	pctx -> pe		6752025	0					
ANR	6752639	Identifier	pctx		6752025	0					
ANR	6752640	Identifier	pe		6752025	1					
ANR	6752641	Identifier	previous		6752025	1					
ANR	6752642	CallExpression	PSY_3GPP_BITS_TO_PE ( ctx -> bitres . bits )		6752025	1					
ANR	6752643	Callee	PSY_3GPP_BITS_TO_PE		6752025	0					
ANR	6752644	Identifier	PSY_3GPP_BITS_TO_PE		6752025	0					
ANR	6752645	ArgumentList	ctx -> bitres . bits		6752025	1					
ANR	6752646	Argument	ctx -> bitres . bits		6752025	0					
ANR	6752647	MemberAccess	ctx -> bitres . bits		6752025	0					
ANR	6752648	PtrMemberAccess	ctx -> bitres		6752025	0					
ANR	6752649	Identifier	ctx		6752025	0					
ANR	6752650	Identifier	bitres		6752025	1					
ANR	6752651	Identifier	bits		6752025	1					
ANR	6752652	Argument	0.85f		6752025	1					
ANR	6752653	PrimaryExpression	0.85f		6752025	0					
ANR	6752654	Argument	1.15f		6752025	2					
ANR	6752655	PrimaryExpression	1.15f		6752025	0					
ANR	6752656	ExpressionStatement	pctx -> pe . previous = PSY_3GPP_BITS_TO_PE ( desired_bits )	131:4:3524:3577	6752025	16	True				
ANR	6752657	AssignmentExpression	pctx -> pe . previous = PSY_3GPP_BITS_TO_PE ( desired_bits )		6752025	0		=			
ANR	6752658	MemberAccess	pctx -> pe . previous		6752025	0					
ANR	6752659	PtrMemberAccess	pctx -> pe		6752025	0					
ANR	6752660	Identifier	pctx		6752025	0					
ANR	6752661	Identifier	pe		6752025	1					
ANR	6752662	Identifier	previous		6752025	1					
ANR	6752663	CallExpression	PSY_3GPP_BITS_TO_PE ( desired_bits )		6752025	1					
ANR	6752664	Callee	PSY_3GPP_BITS_TO_PE		6752025	0					
ANR	6752665	Identifier	PSY_3GPP_BITS_TO_PE		6752025	0					
ANR	6752666	ArgumentList	desired_bits		6752025	1					
ANR	6752667	Argument	desired_bits		6752025	0					
ANR	6752668	Identifier	desired_bits		6752025	0					
ANR	6752669	IfStatement	if ( desired_pe < pe )		6752025	17					
ANR	6752670	Condition	desired_pe < pe	135:8:3590:3604	6752025	0	True				
ANR	6752671	RelationalExpression	desired_pe < pe		6752025	0		<			
ANR	6752672	Identifier	desired_pe		6752025	0					
ANR	6752673	Identifier	pe		6752025	1					
ANR	6752674	CompoundStatement		131:25:3451:3451	6752025	1					
ANR	6752675	ForStatement	for ( w = 0 ; w < wi -> num_windows * 16 ; w += 16 )		6752025	0					
ANR	6752676	ForInit	w = 0 ;	139:13:3690:3695	6752025	0	True				
ANR	6752677	AssignmentExpression	w = 0		6752025	0		=			
ANR	6752678	Identifier	w		6752025	0					
ANR	6752679	PrimaryExpression	0		6752025	1					
ANR	6752680	Condition	w < wi -> num_windows * 16	139:20:3697:3718	6752025	1	True				
ANR	6752681	RelationalExpression	w < wi -> num_windows * 16		6752025	0		<			
ANR	6752682	Identifier	w		6752025	0					
ANR	6752683	MultiplicativeExpression	wi -> num_windows * 16		6752025	1		*			
ANR	6752684	PtrMemberAccess	wi -> num_windows		6752025	0					
ANR	6752685	Identifier	wi		6752025	0					
ANR	6752686	Identifier	num_windows		6752025	1					
ANR	6752687	PrimaryExpression	16		6752025	1					
ANR	6752688	AssignmentExpression	w += 16	139:44:3721:3727	6752025	2	True	+=			
ANR	6752689	Identifier	w		6752025	0					
ANR	6752690	PrimaryExpression	16		6752025	1					
ANR	6752691	CompoundStatement		135:53:3574:3574	6752025	3					
ANR	6752692	ExpressionStatement	"reduction = calc_reduction_3gpp ( a , desired_pe , pe , active_lines )"	141:12:3745:3809	6752025	0	True				
ANR	6752693	AssignmentExpression	"reduction = calc_reduction_3gpp ( a , desired_pe , pe , active_lines )"		6752025	0		=			
ANR	6752694	Identifier	reduction		6752025	0					
ANR	6752695	CallExpression	"calc_reduction_3gpp ( a , desired_pe , pe , active_lines )"		6752025	1					
ANR	6752696	Callee	calc_reduction_3gpp		6752025	0					
ANR	6752697	Identifier	calc_reduction_3gpp		6752025	0					
ANR	6752698	ArgumentList	a		6752025	1					
ANR	6752699	Argument	a		6752025	0					
ANR	6752700	Identifier	a		6752025	0					
ANR	6752701	Argument	desired_pe		6752025	1					
ANR	6752702	Identifier	desired_pe		6752025	0					
ANR	6752703	Argument	pe		6752025	2					
ANR	6752704	Identifier	pe		6752025	0					
ANR	6752705	Argument	active_lines		6752025	3					
ANR	6752706	Identifier	active_lines		6752025	0					
ANR	6752707	ExpressionStatement	pe = 0.0f	143:12:3824:3833	6752025	1	True				
ANR	6752708	AssignmentExpression	pe = 0.0f		6752025	0		=			
ANR	6752709	Identifier	pe		6752025	0					
ANR	6752710	PrimaryExpression	0.0f		6752025	1					
ANR	6752711	ExpressionStatement	a = 0.0f	145:12:3848:3857	6752025	2	True				
ANR	6752712	AssignmentExpression	a = 0.0f		6752025	0		=			
ANR	6752713	Identifier	a		6752025	0					
ANR	6752714	PrimaryExpression	0.0f		6752025	1					
ANR	6752715	ExpressionStatement	active_lines = 0.0f	147:12:3872:3891	6752025	3	True				
ANR	6752716	AssignmentExpression	active_lines = 0.0f		6752025	0		=			
ANR	6752717	Identifier	active_lines		6752025	0					
ANR	6752718	PrimaryExpression	0.0f		6752025	1					
ANR	6752719	ForStatement	for ( g = 0 ; g < num_bands ; g ++ )		6752025	4					
ANR	6752720	ForInit	g = 0 ;	149:17:3911:3916	6752025	0	True				
ANR	6752721	AssignmentExpression	g = 0		6752025	0		=			
ANR	6752722	Identifier	g		6752025	0					
ANR	6752723	PrimaryExpression	0		6752025	1					
ANR	6752724	Condition	g < num_bands	149:24:3918:3930	6752025	1	True				
ANR	6752725	RelationalExpression	g < num_bands		6752025	0		<			
ANR	6752726	Identifier	g		6752025	0					
ANR	6752727	Identifier	num_bands		6752025	1					
ANR	6752728	PostIncDecOperationExpression	g ++	149:39:3933:3935	6752025	2	True				
ANR	6752729	Identifier	g		6752025	0					
ANR	6752730	IncDec	++		6752025	1					
ANR	6752731	CompoundStatement		147:16:3801:3835	6752025	3					
ANR	6752732	IdentifierDeclStatement	AacPsyBand * band = & pch -> band [ w + g ] ;	151:16:3957:3991	6752025	0	True				
ANR	6752733	IdentifierDecl	* band = & pch -> band [ w + g ]		6752025	0					
ANR	6752734	IdentifierDeclType	AacPsyBand *		6752025	0					
ANR	6752735	Identifier	band		6752025	1					
ANR	6752736	AssignmentExpression	* band = & pch -> band [ w + g ]		6752025	2		=			
ANR	6752737	Identifier	band		6752025	0					
ANR	6752738	UnaryOperationExpression	& pch -> band [ w + g ]		6752025	1					
ANR	6752739	UnaryOperator	&		6752025	0					
ANR	6752740	ArrayIndexing	pch -> band [ w + g ]		6752025	1					
ANR	6752741	PtrMemberAccess	pch -> band		6752025	0					
ANR	6752742	Identifier	pch		6752025	0					
ANR	6752743	Identifier	band		6752025	1					
ANR	6752744	AdditiveExpression	w + g		6752025	1		+			
ANR	6752745	Identifier	w		6752025	0					
ANR	6752746	Identifier	g		6752025	1					
ANR	6752747	ExpressionStatement	"band -> thr = calc_reduced_thr_3gpp ( band , coeffs [ g ] . min_snr , reduction )"	155:16:4012:4081	6752025	1	True				
ANR	6752748	AssignmentExpression	"band -> thr = calc_reduced_thr_3gpp ( band , coeffs [ g ] . min_snr , reduction )"		6752025	0		=			
ANR	6752749	PtrMemberAccess	band -> thr		6752025	0					
ANR	6752750	Identifier	band		6752025	0					
ANR	6752751	Identifier	thr		6752025	1					
ANR	6752752	CallExpression	"calc_reduced_thr_3gpp ( band , coeffs [ g ] . min_snr , reduction )"		6752025	1					
ANR	6752753	Callee	calc_reduced_thr_3gpp		6752025	0					
ANR	6752754	Identifier	calc_reduced_thr_3gpp		6752025	0					
ANR	6752755	ArgumentList	band		6752025	1					
ANR	6752756	Argument	band		6752025	0					
ANR	6752757	Identifier	band		6752025	0					
ANR	6752758	Argument	coeffs [ g ] . min_snr		6752025	1					
ANR	6752759	MemberAccess	coeffs [ g ] . min_snr		6752025	0					
ANR	6752760	ArrayIndexing	coeffs [ g ]		6752025	0					
ANR	6752761	Identifier	coeffs		6752025	0					
ANR	6752762	Identifier	g		6752025	1					
ANR	6752763	Identifier	min_snr		6752025	1					
ANR	6752764	Argument	reduction		6752025	2					
ANR	6752765	Identifier	reduction		6752025	0					
ANR	6752766	ExpressionStatement	pe += calc_pe_3gpp ( band )	159:16:4138:4162	6752025	2	True				
ANR	6752767	AssignmentExpression	pe += calc_pe_3gpp ( band )		6752025	0		+=			
ANR	6752768	Identifier	pe		6752025	0					
ANR	6752769	CallExpression	calc_pe_3gpp ( band )		6752025	1					
ANR	6752770	Callee	calc_pe_3gpp		6752025	0					
ANR	6752771	Identifier	calc_pe_3gpp		6752025	0					
ANR	6752772	ArgumentList	band		6752025	1					
ANR	6752773	Argument	band		6752025	0					
ANR	6752774	Identifier	band		6752025	0					
ANR	6752775	ExpressionStatement	a += band -> pe_const	161:16:4181:4201	6752025	3	True				
ANR	6752776	AssignmentExpression	a += band -> pe_const		6752025	0		+=			
ANR	6752777	Identifier	a		6752025	0					
ANR	6752778	PtrMemberAccess	band -> pe_const		6752025	1					
ANR	6752779	Identifier	band		6752025	0					
ANR	6752780	Identifier	pe_const		6752025	1					
ANR	6752781	ExpressionStatement	active_lines += band -> active_lines	163:16:4220:4254	6752025	4	True				
ANR	6752782	AssignmentExpression	active_lines += band -> active_lines		6752025	0		+=			
ANR	6752783	Identifier	active_lines		6752025	0					
ANR	6752784	PtrMemberAccess	band -> active_lines		6752025	1					
ANR	6752785	Identifier	band		6752025	0					
ANR	6752786	Identifier	active_lines		6752025	1					
ANR	6752787	ForStatement	for ( i = 0 ; i < 2 ; i ++ )		6752025	1					
ANR	6752788	ForInit	i = 0 ;	173:13:4366:4371	6752025	0	True				
ANR	6752789	AssignmentExpression	i = 0		6752025	0		=			
ANR	6752790	Identifier	i		6752025	0					
ANR	6752791	PrimaryExpression	0		6752025	1					
ANR	6752792	Condition	i < 2	173:20:4373:4377	6752025	1	True				
ANR	6752793	RelationalExpression	i < 2		6752025	0		<			
ANR	6752794	Identifier	i		6752025	0					
ANR	6752795	PrimaryExpression	2		6752025	1					
ANR	6752796	PostIncDecOperationExpression	i ++	173:27:4380:4382	6752025	2	True				
ANR	6752797	Identifier	i		6752025	0					
ANR	6752798	IncDec	++		6752025	1					
ANR	6752799	CompoundStatement		171:12:4244:4283	6752025	3					
ANR	6752800	IdentifierDeclStatement	"float pe_no_ah = 0.0f , desired_pe_no_ah ;"	175:12:4400:4439	6752025	0	True				
ANR	6752801	IdentifierDecl	pe_no_ah = 0.0f		6752025	0					
ANR	6752802	IdentifierDeclType	float		6752025	0					
ANR	6752803	Identifier	pe_no_ah		6752025	1					
ANR	6752804	AssignmentExpression	pe_no_ah = 0.0f		6752025	2		=			
ANR	6752805	Identifier	pe_no_ah		6752025	0					
ANR	6752806	PrimaryExpression	0.0f		6752025	1					
ANR	6752807	IdentifierDecl	desired_pe_no_ah		6752025	1					
ANR	6752808	IdentifierDeclType	float		6752025	0					
ANR	6752809	Identifier	desired_pe_no_ah		6752025	1					
ANR	6752810	ExpressionStatement	active_lines = a = 0.0f	177:12:4454:4477	6752025	1	True				
ANR	6752811	AssignmentExpression	active_lines = a = 0.0f		6752025	0		=			
ANR	6752812	Identifier	active_lines		6752025	0					
ANR	6752813	AssignmentExpression	a = 0.0f		6752025	1		=			
ANR	6752814	Identifier	a		6752025	0					
ANR	6752815	PrimaryExpression	0.0f		6752025	1					
ANR	6752816	ForStatement	for ( w = 0 ; w < wi -> num_windows * 16 ; w += 16 )		6752025	2					
ANR	6752817	ForInit	w = 0 ;	179:17:4497:4502	6752025	0	True				
ANR	6752818	AssignmentExpression	w = 0		6752025	0		=			
ANR	6752819	Identifier	w		6752025	0					
ANR	6752820	PrimaryExpression	0		6752025	1					
ANR	6752821	Condition	w < wi -> num_windows * 16	179:24:4504:4525	6752025	1	True				
ANR	6752822	RelationalExpression	w < wi -> num_windows * 16		6752025	0		<			
ANR	6752823	Identifier	w		6752025	0					
ANR	6752824	MultiplicativeExpression	wi -> num_windows * 16		6752025	1		*			
ANR	6752825	PtrMemberAccess	wi -> num_windows		6752025	0					
ANR	6752826	Identifier	wi		6752025	0					
ANR	6752827	Identifier	num_windows		6752025	1					
ANR	6752828	PrimaryExpression	16		6752025	1					
ANR	6752829	AssignmentExpression	w += 16	179:48:4528:4534	6752025	2	True	+=			
ANR	6752830	Identifier	w		6752025	0					
ANR	6752831	PrimaryExpression	16		6752025	1					
ANR	6752832	CompoundStatement		175:57:4381:4381	6752025	3					
ANR	6752833	ForStatement	for ( g = 0 ; g < num_bands ; g ++ )		6752025	0					
ANR	6752834	ForInit	g = 0 ;	181:21:4561:4566	6752025	0	True				
ANR	6752835	AssignmentExpression	g = 0		6752025	0		=			
ANR	6752836	Identifier	g		6752025	0					
ANR	6752837	PrimaryExpression	0		6752025	1					
ANR	6752838	Condition	g < num_bands	181:28:4568:4580	6752025	1	True				
ANR	6752839	RelationalExpression	g < num_bands		6752025	0		<			
ANR	6752840	Identifier	g		6752025	0					
ANR	6752841	Identifier	num_bands		6752025	1					
ANR	6752842	PostIncDecOperationExpression	g ++	181:43:4583:4585	6752025	2	True				
ANR	6752843	Identifier	g		6752025	0					
ANR	6752844	IncDec	++		6752025	1					
ANR	6752845	CompoundStatement		179:20:4455:4489	6752025	3					
ANR	6752846	IdentifierDeclStatement	AacPsyBand * band = & pch -> band [ w + g ] ;	183:20:4611:4645	6752025	0	True				
ANR	6752847	IdentifierDecl	* band = & pch -> band [ w + g ]		6752025	0					
ANR	6752848	IdentifierDeclType	AacPsyBand *		6752025	0					
ANR	6752849	Identifier	band		6752025	1					
ANR	6752850	AssignmentExpression	* band = & pch -> band [ w + g ]		6752025	2		=			
ANR	6752851	Identifier	band		6752025	0					
ANR	6752852	UnaryOperationExpression	& pch -> band [ w + g ]		6752025	1					
ANR	6752853	UnaryOperator	&		6752025	0					
ANR	6752854	ArrayIndexing	pch -> band [ w + g ]		6752025	1					
ANR	6752855	PtrMemberAccess	pch -> band		6752025	0					
ANR	6752856	Identifier	pch		6752025	0					
ANR	6752857	Identifier	band		6752025	1					
ANR	6752858	AdditiveExpression	w + g		6752025	1		+			
ANR	6752859	Identifier	w		6752025	0					
ANR	6752860	Identifier	g		6752025	1					
ANR	6752861	IfStatement	if ( band -> avoid_holes != PSY_3GPP_AH_ACTIVE )		6752025	1					
ANR	6752862	Condition	band -> avoid_holes != PSY_3GPP_AH_ACTIVE	187:24:4674:4712	6752025	0	True				
ANR	6752863	EqualityExpression	band -> avoid_holes != PSY_3GPP_AH_ACTIVE		6752025	0		!=			
ANR	6752864	PtrMemberAccess	band -> avoid_holes		6752025	0					
ANR	6752865	Identifier	band		6752025	0					
ANR	6752866	Identifier	avoid_holes		6752025	1					
ANR	6752867	Identifier	PSY_3GPP_AH_ACTIVE		6752025	1					
ANR	6752868	CompoundStatement		183:65:4559:4559	6752025	1					
ANR	6752869	ExpressionStatement	pe_no_ah += band -> pe	189:24:4742:4762	6752025	0	True				
ANR	6752870	AssignmentExpression	pe_no_ah += band -> pe		6752025	0		+=			
ANR	6752871	Identifier	pe_no_ah		6752025	0					
ANR	6752872	PtrMemberAccess	band -> pe		6752025	1					
ANR	6752873	Identifier	band		6752025	0					
ANR	6752874	Identifier	pe		6752025	1					
ANR	6752875	ExpressionStatement	a += band -> pe_const	191:24:4789:4815	6752025	1	True				
ANR	6752876	AssignmentExpression	a += band -> pe_const		6752025	0		+=			
ANR	6752877	Identifier	a		6752025	0					
ANR	6752878	PtrMemberAccess	band -> pe_const		6752025	1					
ANR	6752879	Identifier	band		6752025	0					
ANR	6752880	Identifier	pe_const		6752025	1					
ANR	6752881	ExpressionStatement	active_lines += band -> active_lines	193:24:4842:4876	6752025	2	True				
ANR	6752882	AssignmentExpression	active_lines += band -> active_lines		6752025	0		+=			
ANR	6752883	Identifier	active_lines		6752025	0					
ANR	6752884	PtrMemberAccess	band -> active_lines		6752025	1					
ANR	6752885	Identifier	band		6752025	0					
ANR	6752886	Identifier	active_lines		6752025	1					
ANR	6752887	ExpressionStatement	"desired_pe_no_ah = FFMAX ( desired_pe - ( pe - pe_no_ah ) , 0.0f )"	201:12:4948:5008	6752025	3	True				
ANR	6752888	AssignmentExpression	"desired_pe_no_ah = FFMAX ( desired_pe - ( pe - pe_no_ah ) , 0.0f )"		6752025	0		=			
ANR	6752889	Identifier	desired_pe_no_ah		6752025	0					
ANR	6752890	CallExpression	"FFMAX ( desired_pe - ( pe - pe_no_ah ) , 0.0f )"		6752025	1					
ANR	6752891	Callee	FFMAX		6752025	0					
ANR	6752892	Identifier	FFMAX		6752025	0					
ANR	6752893	ArgumentList	desired_pe - ( pe - pe_no_ah )		6752025	1					
ANR	6752894	Argument	desired_pe - ( pe - pe_no_ah )		6752025	0					
ANR	6752895	AdditiveExpression	desired_pe - ( pe - pe_no_ah )		6752025	0		-			
ANR	6752896	Identifier	desired_pe		6752025	0					
ANR	6752897	AdditiveExpression	pe - pe_no_ah		6752025	1		-			
ANR	6752898	Identifier	pe		6752025	0					
ANR	6752899	Identifier	pe_no_ah		6752025	1					
ANR	6752900	Argument	0.0f		6752025	1					
ANR	6752901	PrimaryExpression	0.0f		6752025	0					
ANR	6752902	IfStatement	if ( active_lines > 0.0f )		6752025	4					
ANR	6752903	Condition	active_lines > 0.0f	203:16:5027:5045	6752025	0	True				
ANR	6752904	RelationalExpression	active_lines > 0.0f		6752025	0		>			
ANR	6752905	Identifier	active_lines		6752025	0					
ANR	6752906	PrimaryExpression	0.0f		6752025	1					
ANR	6752907	ExpressionStatement	"reduction += calc_reduction_3gpp ( a , desired_pe_no_ah , pe_no_ah , active_lines )"	205:16:5065:5142	6752025	1	True				
ANR	6752908	AssignmentExpression	"reduction += calc_reduction_3gpp ( a , desired_pe_no_ah , pe_no_ah , active_lines )"		6752025	0		+=			
ANR	6752909	Identifier	reduction		6752025	0					
ANR	6752910	CallExpression	"calc_reduction_3gpp ( a , desired_pe_no_ah , pe_no_ah , active_lines )"		6752025	1					
ANR	6752911	Callee	calc_reduction_3gpp		6752025	0					
ANR	6752912	Identifier	calc_reduction_3gpp		6752025	0					
ANR	6752913	ArgumentList	a		6752025	1					
ANR	6752914	Argument	a		6752025	0					
ANR	6752915	Identifier	a		6752025	0					
ANR	6752916	Argument	desired_pe_no_ah		6752025	1					
ANR	6752917	Identifier	desired_pe_no_ah		6752025	0					
ANR	6752918	Argument	pe_no_ah		6752025	2					
ANR	6752919	Identifier	pe_no_ah		6752025	0					
ANR	6752920	Argument	active_lines		6752025	3					
ANR	6752921	Identifier	active_lines		6752025	0					
ANR	6752922	ExpressionStatement	pe = 0.0f	209:12:5159:5168	6752025	5	True				
ANR	6752923	AssignmentExpression	pe = 0.0f		6752025	0		=			
ANR	6752924	Identifier	pe		6752025	0					
ANR	6752925	PrimaryExpression	0.0f		6752025	1					
ANR	6752926	ForStatement	for ( w = 0 ; w < wi -> num_windows * 16 ; w += 16 )		6752025	6					
ANR	6752927	ForInit	w = 0 ;	211:17:5188:5193	6752025	0	True				
ANR	6752928	AssignmentExpression	w = 0		6752025	0		=			
ANR	6752929	Identifier	w		6752025	0					
ANR	6752930	PrimaryExpression	0		6752025	1					
ANR	6752931	Condition	w < wi -> num_windows * 16	211:24:5195:5216	6752025	1	True				
ANR	6752932	RelationalExpression	w < wi -> num_windows * 16		6752025	0		<			
ANR	6752933	Identifier	w		6752025	0					
ANR	6752934	MultiplicativeExpression	wi -> num_windows * 16		6752025	1		*			
ANR	6752935	PtrMemberAccess	wi -> num_windows		6752025	0					
ANR	6752936	Identifier	wi		6752025	0					
ANR	6752937	Identifier	num_windows		6752025	1					
ANR	6752938	PrimaryExpression	16		6752025	1					
ANR	6752939	AssignmentExpression	w += 16	211:48:5219:5225	6752025	2	True	+=			
ANR	6752940	Identifier	w		6752025	0					
ANR	6752941	PrimaryExpression	16		6752025	1					
ANR	6752942	CompoundStatement		207:57:5072:5072	6752025	3					
ANR	6752943	ForStatement	for ( g = 0 ; g < num_bands ; g ++ )		6752025	0					
ANR	6752944	ForInit	g = 0 ;	213:21:5252:5257	6752025	0	True				
ANR	6752945	AssignmentExpression	g = 0		6752025	0		=			
ANR	6752946	Identifier	g		6752025	0					
ANR	6752947	PrimaryExpression	0		6752025	1					
ANR	6752948	Condition	g < num_bands	213:28:5259:5271	6752025	1	True				
ANR	6752949	RelationalExpression	g < num_bands		6752025	0		<			
ANR	6752950	Identifier	g		6752025	0					
ANR	6752951	Identifier	num_bands		6752025	1					
ANR	6752952	PostIncDecOperationExpression	g ++	213:43:5274:5276	6752025	2	True				
ANR	6752953	Identifier	g		6752025	0					
ANR	6752954	IncDec	++		6752025	1					
ANR	6752955	CompoundStatement		211:20:5146:5180	6752025	3					
ANR	6752956	IdentifierDeclStatement	AacPsyBand * band = & pch -> band [ w + g ] ;	215:20:5302:5336	6752025	0	True				
ANR	6752957	IdentifierDecl	* band = & pch -> band [ w + g ]		6752025	0					
ANR	6752958	IdentifierDeclType	AacPsyBand *		6752025	0					
ANR	6752959	Identifier	band		6752025	1					
ANR	6752960	AssignmentExpression	* band = & pch -> band [ w + g ]		6752025	2		=			
ANR	6752961	Identifier	band		6752025	0					
ANR	6752962	UnaryOperationExpression	& pch -> band [ w + g ]		6752025	1					
ANR	6752963	UnaryOperator	&		6752025	0					
ANR	6752964	ArrayIndexing	pch -> band [ w + g ]		6752025	1					
ANR	6752965	PtrMemberAccess	pch -> band		6752025	0					
ANR	6752966	Identifier	pch		6752025	0					
ANR	6752967	Identifier	band		6752025	1					
ANR	6752968	AdditiveExpression	w + g		6752025	1		+			
ANR	6752969	Identifier	w		6752025	0					
ANR	6752970	Identifier	g		6752025	1					
ANR	6752971	IfStatement	if ( active_lines > 0.0f )		6752025	1					
ANR	6752972	Condition	active_lines > 0.0f	219:24:5365:5383	6752025	0	True				
ANR	6752973	RelationalExpression	active_lines > 0.0f		6752025	0		>			
ANR	6752974	Identifier	active_lines		6752025	0					
ANR	6752975	PrimaryExpression	0.0f		6752025	1					
ANR	6752976	ExpressionStatement	"band -> thr = calc_reduced_thr_3gpp ( band , coeffs [ g ] . min_snr , reduction )"	221:24:5411:5480	6752025	1	True				
ANR	6752977	AssignmentExpression	"band -> thr = calc_reduced_thr_3gpp ( band , coeffs [ g ] . min_snr , reduction )"		6752025	0		=			
ANR	6752978	PtrMemberAccess	band -> thr		6752025	0					
ANR	6752979	Identifier	band		6752025	0					
ANR	6752980	Identifier	thr		6752025	1					
ANR	6752981	CallExpression	"calc_reduced_thr_3gpp ( band , coeffs [ g ] . min_snr , reduction )"		6752025	1					
ANR	6752982	Callee	calc_reduced_thr_3gpp		6752025	0					
ANR	6752983	Identifier	calc_reduced_thr_3gpp		6752025	0					
ANR	6752984	ArgumentList	band		6752025	1					
ANR	6752985	Argument	band		6752025	0					
ANR	6752986	Identifier	band		6752025	0					
ANR	6752987	Argument	coeffs [ g ] . min_snr		6752025	1					
ANR	6752988	MemberAccess	coeffs [ g ] . min_snr		6752025	0					
ANR	6752989	ArrayIndexing	coeffs [ g ]		6752025	0					
ANR	6752990	Identifier	coeffs		6752025	0					
ANR	6752991	Identifier	g		6752025	1					
ANR	6752992	Identifier	min_snr		6752025	1					
ANR	6752993	Argument	reduction		6752025	2					
ANR	6752994	Identifier	reduction		6752025	0					
ANR	6752995	ExpressionStatement	pe += calc_pe_3gpp ( band )	223:20:5503:5527	6752025	2	True				
ANR	6752996	AssignmentExpression	pe += calc_pe_3gpp ( band )		6752025	0		+=			
ANR	6752997	Identifier	pe		6752025	0					
ANR	6752998	CallExpression	calc_pe_3gpp ( band )		6752025	1					
ANR	6752999	Callee	calc_pe_3gpp		6752025	0					
ANR	6753000	Identifier	calc_pe_3gpp		6752025	0					
ANR	6753001	ArgumentList	band		6752025	1					
ANR	6753002	Argument	band		6752025	0					
ANR	6753003	Identifier	band		6752025	0					
ANR	6753004	ExpressionStatement	band -> norm_fac = band -> active_lines / band -> thr	225:20:5550:5597	6752025	3	True				
ANR	6753005	AssignmentExpression	band -> norm_fac = band -> active_lines / band -> thr		6752025	0		=			
ANR	6753006	PtrMemberAccess	band -> norm_fac		6752025	0					
ANR	6753007	Identifier	band		6752025	0					
ANR	6753008	Identifier	norm_fac		6752025	1					
ANR	6753009	MultiplicativeExpression	band -> active_lines / band -> thr		6752025	1		/			
ANR	6753010	PtrMemberAccess	band -> active_lines		6752025	0					
ANR	6753011	Identifier	band		6752025	0					
ANR	6753012	Identifier	active_lines		6752025	1					
ANR	6753013	PtrMemberAccess	band -> thr		6752025	1					
ANR	6753014	Identifier	band		6752025	0					
ANR	6753015	Identifier	thr		6752025	1					
ANR	6753016	ExpressionStatement	norm_fac += band -> norm_fac	227:20:5620:5646	6752025	4	True				
ANR	6753017	AssignmentExpression	norm_fac += band -> norm_fac		6752025	0		+=			
ANR	6753018	Identifier	norm_fac		6752025	0					
ANR	6753019	PtrMemberAccess	band -> norm_fac		6752025	1					
ANR	6753020	Identifier	band		6752025	0					
ANR	6753021	Identifier	norm_fac		6752025	1					
ANR	6753022	ExpressionStatement	delta_pe = desired_pe - pe	233:12:5695:5721	6752025	7	True				
ANR	6753023	AssignmentExpression	delta_pe = desired_pe - pe		6752025	0		=			
ANR	6753024	Identifier	delta_pe		6752025	0					
ANR	6753025	AdditiveExpression	desired_pe - pe		6752025	1		-			
ANR	6753026	Identifier	desired_pe		6752025	0					
ANR	6753027	Identifier	pe		6752025	1					
ANR	6753028	IfStatement	if ( fabs ( delta_pe ) > 0.05f * desired_pe )		6752025	8					
ANR	6753029	Condition	fabs ( delta_pe ) > 0.05f * desired_pe	235:16:5740:5774	6752025	0	True				
ANR	6753030	RelationalExpression	fabs ( delta_pe ) > 0.05f * desired_pe		6752025	0		>			
ANR	6753031	CallExpression	fabs ( delta_pe )		6752025	0					
ANR	6753032	Callee	fabs		6752025	0					
ANR	6753033	Identifier	fabs		6752025	0					
ANR	6753034	ArgumentList	delta_pe		6752025	1					
ANR	6753035	Argument	delta_pe		6752025	0					
ANR	6753036	Identifier	delta_pe		6752025	0					
ANR	6753037	MultiplicativeExpression	0.05f * desired_pe		6752025	1		*			
ANR	6753038	PrimaryExpression	0.05f		6752025	0					
ANR	6753039	Identifier	desired_pe		6752025	1					
ANR	6753040	BreakStatement	break ;	237:16:5794:5799	6752025	1	True				
ANR	6753041	IfStatement	if ( pe < 1.15f * desired_pe )		6752025	2					
ANR	6753042	Condition	pe < 1.15f * desired_pe	243:12:5827:5849	6752025	0	True				
ANR	6753043	RelationalExpression	pe < 1.15f * desired_pe		6752025	0		<			
ANR	6753044	Identifier	pe		6752025	0					
ANR	6753045	MultiplicativeExpression	1.15f * desired_pe		6752025	1		*			
ANR	6753046	PrimaryExpression	1.15f		6752025	0					
ANR	6753047	Identifier	desired_pe		6752025	1					
ANR	6753048	CompoundStatement		239:37:5696:5696	6752025	1					
ANR	6753049	ExpressionStatement	norm_fac = 1.0f / norm_fac	247:12:5944:5970	6752025	0	True				
ANR	6753050	AssignmentExpression	norm_fac = 1.0f / norm_fac		6752025	0		=			
ANR	6753051	Identifier	norm_fac		6752025	0					
ANR	6753052	MultiplicativeExpression	1.0f / norm_fac		6752025	1		/			
ANR	6753053	PrimaryExpression	1.0f		6752025	0					
ANR	6753054	Identifier	norm_fac		6752025	1					
ANR	6753055	ForStatement	for ( w = 0 ; w < wi -> num_windows * 16 ; w += 16 )		6752025	1					
ANR	6753056	ForInit	w = 0 ;	249:17:5990:5995	6752025	0	True				
ANR	6753057	AssignmentExpression	w = 0		6752025	0		=			
ANR	6753058	Identifier	w		6752025	0					
ANR	6753059	PrimaryExpression	0		6752025	1					
ANR	6753060	Condition	w < wi -> num_windows * 16	249:24:5997:6018	6752025	1	True				
ANR	6753061	RelationalExpression	w < wi -> num_windows * 16		6752025	0		<			
ANR	6753062	Identifier	w		6752025	0					
ANR	6753063	MultiplicativeExpression	wi -> num_windows * 16		6752025	1		*			
ANR	6753064	PtrMemberAccess	wi -> num_windows		6752025	0					
ANR	6753065	Identifier	wi		6752025	0					
ANR	6753066	Identifier	num_windows		6752025	1					
ANR	6753067	PrimaryExpression	16		6752025	1					
ANR	6753068	AssignmentExpression	w += 16	249:48:6021:6027	6752025	2	True	+=			
ANR	6753069	Identifier	w		6752025	0					
ANR	6753070	PrimaryExpression	16		6752025	1					
ANR	6753071	CompoundStatement		245:57:5874:5874	6752025	3					
ANR	6753072	ForStatement	for ( g = 0 ; g < num_bands ; g ++ )		6752025	0					
ANR	6753073	ForInit	g = 0 ;	251:21:6054:6059	6752025	0	True				
ANR	6753074	AssignmentExpression	g = 0		6752025	0		=			
ANR	6753075	Identifier	g		6752025	0					
ANR	6753076	PrimaryExpression	0		6752025	1					
ANR	6753077	Condition	g < num_bands	251:28:6061:6073	6752025	1	True				
ANR	6753078	RelationalExpression	g < num_bands		6752025	0		<			
ANR	6753079	Identifier	g		6752025	0					
ANR	6753080	Identifier	num_bands		6752025	1					
ANR	6753081	PostIncDecOperationExpression	g ++	251:43:6076:6078	6752025	2	True				
ANR	6753082	Identifier	g		6752025	0					
ANR	6753083	IncDec	++		6752025	1					
ANR	6753084	CompoundStatement		249:20:5948:5982	6752025	3					
ANR	6753085	IdentifierDeclStatement	AacPsyBand * band = & pch -> band [ w + g ] ;	253:20:6104:6138	6752025	0	True				
ANR	6753086	IdentifierDecl	* band = & pch -> band [ w + g ]		6752025	0					
ANR	6753087	IdentifierDeclType	AacPsyBand *		6752025	0					
ANR	6753088	Identifier	band		6752025	1					
ANR	6753089	AssignmentExpression	* band = & pch -> band [ w + g ]		6752025	2		=			
ANR	6753090	Identifier	band		6752025	0					
ANR	6753091	UnaryOperationExpression	& pch -> band [ w + g ]		6752025	1					
ANR	6753092	UnaryOperator	&		6752025	0					
ANR	6753093	ArrayIndexing	pch -> band [ w + g ]		6752025	1					
ANR	6753094	PtrMemberAccess	pch -> band		6752025	0					
ANR	6753095	Identifier	pch		6752025	0					
ANR	6753096	Identifier	band		6752025	1					
ANR	6753097	AdditiveExpression	w + g		6752025	1		+			
ANR	6753098	Identifier	w		6752025	0					
ANR	6753099	Identifier	g		6752025	1					
ANR	6753100	IfStatement	if ( band -> active_lines > 0.5f )		6752025	1					
ANR	6753101	Condition	band -> active_lines > 0.5f	257:24:6167:6191	6752025	0	True				
ANR	6753102	RelationalExpression	band -> active_lines > 0.5f		6752025	0		>			
ANR	6753103	PtrMemberAccess	band -> active_lines		6752025	0					
ANR	6753104	Identifier	band		6752025	0					
ANR	6753105	Identifier	active_lines		6752025	1					
ANR	6753106	PrimaryExpression	0.5f		6752025	1					
ANR	6753107	CompoundStatement		257:24:6149:6170	6752025	1					
ANR	6753108	IdentifierDeclStatement	float delta_sfb_pe = band -> norm_fac * norm_fac * delta_pe ;	259:24:6221:6278	6752025	0	True				
ANR	6753109	IdentifierDecl	delta_sfb_pe = band -> norm_fac * norm_fac * delta_pe		6752025	0					
ANR	6753110	IdentifierDeclType	float		6752025	0					
ANR	6753111	Identifier	delta_sfb_pe		6752025	1					
ANR	6753112	AssignmentExpression	delta_sfb_pe = band -> norm_fac * norm_fac * delta_pe		6752025	2		=			
ANR	6753113	Identifier	delta_sfb_pe		6752025	0					
ANR	6753114	MultiplicativeExpression	band -> norm_fac * norm_fac * delta_pe		6752025	1		*			
ANR	6753115	PtrMemberAccess	band -> norm_fac		6752025	0					
ANR	6753116	Identifier	band		6752025	0					
ANR	6753117	Identifier	norm_fac		6752025	1					
ANR	6753118	MultiplicativeExpression	norm_fac * delta_pe		6752025	1		*			
ANR	6753119	Identifier	norm_fac		6752025	0					
ANR	6753120	Identifier	delta_pe		6752025	1					
ANR	6753121	IdentifierDeclStatement	float thr = band -> thr ;	261:24:6305:6326	6752025	1	True				
ANR	6753122	IdentifierDecl	thr = band -> thr		6752025	0					
ANR	6753123	IdentifierDeclType	float		6752025	0					
ANR	6753124	Identifier	thr		6752025	1					
ANR	6753125	AssignmentExpression	thr = band -> thr		6752025	2		=			
ANR	6753126	Identifier	thr		6752025	0					
ANR	6753127	PtrMemberAccess	band -> thr		6752025	1					
ANR	6753128	Identifier	band		6752025	0					
ANR	6753129	Identifier	thr		6752025	1					
ANR	6753130	ExpressionStatement	thr *= exp2f ( delta_sfb_pe / band -> active_lines )	265:24:6355:6402	6752025	2	True				
ANR	6753131	AssignmentExpression	thr *= exp2f ( delta_sfb_pe / band -> active_lines )		6752025	0		*=			
ANR	6753132	Identifier	thr		6752025	0					
ANR	6753133	CallExpression	exp2f ( delta_sfb_pe / band -> active_lines )		6752025	1					
ANR	6753134	Callee	exp2f		6752025	0					
ANR	6753135	Identifier	exp2f		6752025	0					
ANR	6753136	ArgumentList	delta_sfb_pe / band -> active_lines		6752025	1					
ANR	6753137	Argument	delta_sfb_pe / band -> active_lines		6752025	0					
ANR	6753138	MultiplicativeExpression	delta_sfb_pe / band -> active_lines		6752025	0		/			
ANR	6753139	Identifier	delta_sfb_pe		6752025	0					
ANR	6753140	PtrMemberAccess	band -> active_lines		6752025	1					
ANR	6753141	Identifier	band		6752025	0					
ANR	6753142	Identifier	active_lines		6752025	1					
ANR	6753143	IfStatement	if ( thr > coeffs [ g ] . min_snr * band -> energy && band -> avoid_holes == PSY_3GPP_AH_INACTIVE )		6752025	3					
ANR	6753144	Condition	thr > coeffs [ g ] . min_snr * band -> energy && band -> avoid_holes == PSY_3GPP_AH_INACTIVE	267:28:6433:6515	6752025	0	True				
ANR	6753145	AndExpression	thr > coeffs [ g ] . min_snr * band -> energy && band -> avoid_holes == PSY_3GPP_AH_INACTIVE		6752025	0		&&			
ANR	6753146	RelationalExpression	thr > coeffs [ g ] . min_snr * band -> energy		6752025	0		>			
ANR	6753147	Identifier	thr		6752025	0					
ANR	6753148	MultiplicativeExpression	coeffs [ g ] . min_snr * band -> energy		6752025	1		*			
ANR	6753149	MemberAccess	coeffs [ g ] . min_snr		6752025	0					
ANR	6753150	ArrayIndexing	coeffs [ g ]		6752025	0					
ANR	6753151	Identifier	coeffs		6752025	0					
ANR	6753152	Identifier	g		6752025	1					
ANR	6753153	Identifier	min_snr		6752025	1					
ANR	6753154	PtrMemberAccess	band -> energy		6752025	1					
ANR	6753155	Identifier	band		6752025	0					
ANR	6753156	Identifier	energy		6752025	1					
ANR	6753157	EqualityExpression	band -> avoid_holes == PSY_3GPP_AH_INACTIVE		6752025	1		==			
ANR	6753158	PtrMemberAccess	band -> avoid_holes		6752025	0					
ANR	6753159	Identifier	band		6752025	0					
ANR	6753160	Identifier	avoid_holes		6752025	1					
ANR	6753161	Identifier	PSY_3GPP_AH_INACTIVE		6752025	1					
ANR	6753162	ExpressionStatement	"thr = FFMAX ( band -> thr , coeffs [ g ] . min_snr * band -> energy )"	269:28:6547:6603	6752025	1	True				
ANR	6753163	AssignmentExpression	"thr = FFMAX ( band -> thr , coeffs [ g ] . min_snr * band -> energy )"		6752025	0		=			
ANR	6753164	Identifier	thr		6752025	0					
ANR	6753165	CallExpression	"FFMAX ( band -> thr , coeffs [ g ] . min_snr * band -> energy )"		6752025	1					
ANR	6753166	Callee	FFMAX		6752025	0					
ANR	6753167	Identifier	FFMAX		6752025	0					
ANR	6753168	ArgumentList	band -> thr		6752025	1					
ANR	6753169	Argument	band -> thr		6752025	0					
ANR	6753170	PtrMemberAccess	band -> thr		6752025	0					
ANR	6753171	Identifier	band		6752025	0					
ANR	6753172	Identifier	thr		6752025	1					
ANR	6753173	Argument	coeffs [ g ] . min_snr * band -> energy		6752025	1					
ANR	6753174	MultiplicativeExpression	coeffs [ g ] . min_snr * band -> energy		6752025	0		*			
ANR	6753175	MemberAccess	coeffs [ g ] . min_snr		6752025	0					
ANR	6753176	ArrayIndexing	coeffs [ g ]		6752025	0					
ANR	6753177	Identifier	coeffs		6752025	0					
ANR	6753178	Identifier	g		6752025	1					
ANR	6753179	Identifier	min_snr		6752025	1					
ANR	6753180	PtrMemberAccess	band -> energy		6752025	1					
ANR	6753181	Identifier	band		6752025	0					
ANR	6753182	Identifier	energy		6752025	1					
ANR	6753183	ExpressionStatement	band -> thr = thr	271:24:6630:6645	6752025	4	True				
ANR	6753184	AssignmentExpression	band -> thr = thr		6752025	0		=			
ANR	6753185	PtrMemberAccess	band -> thr		6752025	0					
ANR	6753186	Identifier	band		6752025	0					
ANR	6753187	Identifier	thr		6752025	1					
ANR	6753188	Identifier	thr		6752025	1					
ANR	6753189	ElseStatement	else		6752025	0					
ANR	6753190	CompoundStatement		275:15:6564:6564	6752025	0					
ANR	6753191	ExpressionStatement	g = num_bands	283:12:6803:6816	6752025	0	True				
ANR	6753192	AssignmentExpression	g = num_bands		6752025	0		=			
ANR	6753193	Identifier	g		6752025	0					
ANR	6753194	Identifier	num_bands		6752025	1					
ANR	6753195	WhileStatement	while ( pe > desired_pe && g -- )		6752025	1					
ANR	6753196	Condition	pe > desired_pe && g --	285:19:6838:6859	6752025	0	True				
ANR	6753197	AndExpression	pe > desired_pe && g --		6752025	0		&&			
ANR	6753198	RelationalExpression	pe > desired_pe		6752025	0		>			
ANR	6753199	Identifier	pe		6752025	0					
ANR	6753200	Identifier	desired_pe		6752025	1					
ANR	6753201	PostIncDecOperationExpression	g --		6752025	1					
ANR	6753202	Identifier	g		6752025	0					
ANR	6753203	IncDec	--		6752025	1					
ANR	6753204	CompoundStatement		281:43:6706:6706	6752025	1					
ANR	6753205	ForStatement	for ( w = 0 ; w < wi -> num_windows * 16 ; w += 16 )		6752025	0					
ANR	6753206	ForInit	w = 0 ;	287:21:6886:6891	6752025	0	True				
ANR	6753207	AssignmentExpression	w = 0		6752025	0		=			
ANR	6753208	Identifier	w		6752025	0					
ANR	6753209	PrimaryExpression	0		6752025	1					
ANR	6753210	Condition	w < wi -> num_windows * 16	287:28:6893:6914	6752025	1	True				
ANR	6753211	RelationalExpression	w < wi -> num_windows * 16		6752025	0		<			
ANR	6753212	Identifier	w		6752025	0					
ANR	6753213	MultiplicativeExpression	wi -> num_windows * 16		6752025	1		*			
ANR	6753214	PtrMemberAccess	wi -> num_windows		6752025	0					
ANR	6753215	Identifier	wi		6752025	0					
ANR	6753216	Identifier	num_windows		6752025	1					
ANR	6753217	PrimaryExpression	16		6752025	1					
ANR	6753218	AssignmentExpression	w += 16	287:52:6917:6922	6752025	2	True	+=			
ANR	6753219	Identifier	w		6752025	0					
ANR	6753220	PrimaryExpression	16		6752025	1					
ANR	6753221	CompoundStatement		285:20:6792:6826	6752025	3					
ANR	6753222	IdentifierDeclStatement	AacPsyBand * band = & pch -> band [ w + g ] ;	289:20:6948:6982	6752025	0	True				
ANR	6753223	IdentifierDecl	* band = & pch -> band [ w + g ]		6752025	0					
ANR	6753224	IdentifierDeclType	AacPsyBand *		6752025	0					
ANR	6753225	Identifier	band		6752025	1					
ANR	6753226	AssignmentExpression	* band = & pch -> band [ w + g ]		6752025	2		=			
ANR	6753227	Identifier	band		6752025	0					
ANR	6753228	UnaryOperationExpression	& pch -> band [ w + g ]		6752025	1					
ANR	6753229	UnaryOperator	&		6752025	0					
ANR	6753230	ArrayIndexing	pch -> band [ w + g ]		6752025	1					
ANR	6753231	PtrMemberAccess	pch -> band		6752025	0					
ANR	6753232	Identifier	pch		6752025	0					
ANR	6753233	Identifier	band		6752025	1					
ANR	6753234	AdditiveExpression	w + g		6752025	1		+			
ANR	6753235	Identifier	w		6752025	0					
ANR	6753236	Identifier	g		6752025	1					
ANR	6753237	IfStatement	if ( band -> avoid_holes != PSY_3GPP_AH_NONE && coeffs [ g ] . min_snr < PSY_SNR_1DB )		6752025	1					
ANR	6753238	Condition	band -> avoid_holes != PSY_3GPP_AH_NONE && coeffs [ g ] . min_snr < PSY_SNR_1DB	291:24:7009:7080	6752025	0	True				
ANR	6753239	AndExpression	band -> avoid_holes != PSY_3GPP_AH_NONE && coeffs [ g ] . min_snr < PSY_SNR_1DB		6752025	0		&&			
ANR	6753240	EqualityExpression	band -> avoid_holes != PSY_3GPP_AH_NONE		6752025	0		!=			
ANR	6753241	PtrMemberAccess	band -> avoid_holes		6752025	0					
ANR	6753242	Identifier	band		6752025	0					
ANR	6753243	Identifier	avoid_holes		6752025	1					
ANR	6753244	Identifier	PSY_3GPP_AH_NONE		6752025	1					
ANR	6753245	RelationalExpression	coeffs [ g ] . min_snr < PSY_SNR_1DB		6752025	1		<			
ANR	6753246	MemberAccess	coeffs [ g ] . min_snr		6752025	0					
ANR	6753247	ArrayIndexing	coeffs [ g ]		6752025	0					
ANR	6753248	Identifier	coeffs		6752025	0					
ANR	6753249	Identifier	g		6752025	1					
ANR	6753250	Identifier	min_snr		6752025	1					
ANR	6753251	Identifier	PSY_SNR_1DB		6752025	1					
ANR	6753252	CompoundStatement		287:98:6927:6927	6752025	1					
ANR	6753253	ExpressionStatement	coeffs [ g ] . min_snr = PSY_SNR_1DB	293:24:7110:7141	6752025	0	True				
ANR	6753254	AssignmentExpression	coeffs [ g ] . min_snr = PSY_SNR_1DB		6752025	0		=			
ANR	6753255	MemberAccess	coeffs [ g ] . min_snr		6752025	0					
ANR	6753256	ArrayIndexing	coeffs [ g ]		6752025	0					
ANR	6753257	Identifier	coeffs		6752025	0					
ANR	6753258	Identifier	g		6752025	1					
ANR	6753259	Identifier	min_snr		6752025	1					
ANR	6753260	Identifier	PSY_SNR_1DB		6752025	1					
ANR	6753261	ExpressionStatement	band -> thr = band -> energy * PSY_SNR_1DB	295:24:7168:7206	6752025	1	True				
ANR	6753262	AssignmentExpression	band -> thr = band -> energy * PSY_SNR_1DB		6752025	0		=			
ANR	6753263	PtrMemberAccess	band -> thr		6752025	0					
ANR	6753264	Identifier	band		6752025	0					
ANR	6753265	Identifier	thr		6752025	1					
ANR	6753266	MultiplicativeExpression	band -> energy * PSY_SNR_1DB		6752025	1		*			
ANR	6753267	PtrMemberAccess	band -> energy		6752025	0					
ANR	6753268	Identifier	band		6752025	0					
ANR	6753269	Identifier	energy		6752025	1					
ANR	6753270	Identifier	PSY_SNR_1DB		6752025	1					
ANR	6753271	ExpressionStatement	pe += band -> active_lines * 1.5f - band -> pe	297:24:7233:7275	6752025	2	True				
ANR	6753272	AssignmentExpression	pe += band -> active_lines * 1.5f - band -> pe		6752025	0		+=			
ANR	6753273	Identifier	pe		6752025	0					
ANR	6753274	AdditiveExpression	band -> active_lines * 1.5f - band -> pe		6752025	1		-			
ANR	6753275	MultiplicativeExpression	band -> active_lines * 1.5f		6752025	0		*			
ANR	6753276	PtrMemberAccess	band -> active_lines		6752025	0					
ANR	6753277	Identifier	band		6752025	0					
ANR	6753278	Identifier	active_lines		6752025	1					
ANR	6753279	PrimaryExpression	1.5f		6752025	1					
ANR	6753280	PtrMemberAccess	band -> pe		6752025	1					
ANR	6753281	Identifier	band		6752025	0					
ANR	6753282	Identifier	pe		6752025	1					
ANR	6753283	ForStatement	for ( w = 0 ; w < wi -> num_windows * 16 ; w += 16 )		6752025	18					
ANR	6753284	ForInit	w = 0 ;	313:9:7432:7437	6752025	0	True				
ANR	6753285	AssignmentExpression	w = 0		6752025	0		=			
ANR	6753286	Identifier	w		6752025	0					
ANR	6753287	PrimaryExpression	0		6752025	1					
ANR	6753288	Condition	w < wi -> num_windows * 16	313:16:7439:7460	6752025	1	True				
ANR	6753289	RelationalExpression	w < wi -> num_windows * 16		6752025	0		<			
ANR	6753290	Identifier	w		6752025	0					
ANR	6753291	MultiplicativeExpression	wi -> num_windows * 16		6752025	1		*			
ANR	6753292	PtrMemberAccess	wi -> num_windows		6752025	0					
ANR	6753293	Identifier	wi		6752025	0					
ANR	6753294	Identifier	num_windows		6752025	1					
ANR	6753295	PrimaryExpression	16		6752025	1					
ANR	6753296	AssignmentExpression	w += 16	313:40:7463:7469	6752025	2	True	+=			
ANR	6753297	Identifier	w		6752025	0					
ANR	6753298	PrimaryExpression	16		6752025	1					
ANR	6753299	CompoundStatement		309:49:7316:7316	6752025	3					
ANR	6753300	ForStatement	for ( g = 0 ; g < num_bands ; g ++ )		6752025	0					
ANR	6753301	ForInit	g = 0 ;	315:13:7488:7493	6752025	0	True				
ANR	6753302	AssignmentExpression	g = 0		6752025	0		=			
ANR	6753303	Identifier	g		6752025	0					
ANR	6753304	PrimaryExpression	0		6752025	1					
ANR	6753305	Condition	g < num_bands	315:20:7495:7507	6752025	1	True				
ANR	6753306	RelationalExpression	g < num_bands		6752025	0		<			
ANR	6753307	Identifier	g		6752025	0					
ANR	6753308	Identifier	num_bands		6752025	1					
ANR	6753309	PostIncDecOperationExpression	g ++	315:35:7510:7512	6752025	2	True				
ANR	6753310	Identifier	g		6752025	0					
ANR	6753311	IncDec	++		6752025	1					
ANR	6753312	CompoundStatement		315:12:7427:7482	6752025	3					
ANR	6753313	IdentifierDeclStatement	AacPsyBand * band = & pch -> band [ w + g ] ;	317:12:7530:7568	6752025	0	True				
ANR	6753314	IdentifierDecl	* band = & pch -> band [ w + g ]		6752025	0					
ANR	6753315	IdentifierDeclType	AacPsyBand *		6752025	0					
ANR	6753316	Identifier	band		6752025	1					
ANR	6753317	AssignmentExpression	* band = & pch -> band [ w + g ]		6752025	2		=			
ANR	6753318	Identifier	band		6752025	0					
ANR	6753319	UnaryOperationExpression	& pch -> band [ w + g ]		6752025	1					
ANR	6753320	UnaryOperator	&		6752025	0					
ANR	6753321	ArrayIndexing	pch -> band [ w + g ]		6752025	1					
ANR	6753322	PtrMemberAccess	pch -> band		6752025	0					
ANR	6753323	Identifier	pch		6752025	0					
ANR	6753324	Identifier	band		6752025	1					
ANR	6753325	AdditiveExpression	w + g		6752025	1		+			
ANR	6753326	Identifier	w		6752025	0					
ANR	6753327	Identifier	g		6752025	1					
ANR	6753328	IdentifierDeclStatement	FFPsyBand * psy_band = & ctx -> ch [ channel ] . psy_bands [ w + g ] ;	319:12:7583:7638	6752025	1	True				
ANR	6753329	IdentifierDecl	* psy_band = & ctx -> ch [ channel ] . psy_bands [ w + g ]		6752025	0					
ANR	6753330	IdentifierDeclType	FFPsyBand *		6752025	0					
ANR	6753331	Identifier	psy_band		6752025	1					
ANR	6753332	AssignmentExpression	* psy_band = & ctx -> ch [ channel ] . psy_bands [ w + g ]		6752025	2		=			
ANR	6753333	Identifier	psy_band		6752025	0					
ANR	6753334	UnaryOperationExpression	& ctx -> ch [ channel ] . psy_bands [ w + g ]		6752025	1					
ANR	6753335	UnaryOperator	&		6752025	0					
ANR	6753336	ArrayIndexing	ctx -> ch [ channel ] . psy_bands [ w + g ]		6752025	1					
ANR	6753337	MemberAccess	ctx -> ch [ channel ] . psy_bands		6752025	0					
ANR	6753338	ArrayIndexing	ctx -> ch [ channel ]		6752025	0					
ANR	6753339	PtrMemberAccess	ctx -> ch		6752025	0					
ANR	6753340	Identifier	ctx		6752025	0					
ANR	6753341	Identifier	ch		6752025	1					
ANR	6753342	Identifier	channel		6752025	1					
ANR	6753343	Identifier	psy_bands		6752025	1					
ANR	6753344	AdditiveExpression	w + g		6752025	1		+			
ANR	6753345	Identifier	w		6752025	0					
ANR	6753346	Identifier	g		6752025	1					
ANR	6753347	ExpressionStatement	psy_band -> threshold = band -> thr	323:12:7655:7686	6752025	2	True				
ANR	6753348	AssignmentExpression	psy_band -> threshold = band -> thr		6752025	0		=			
ANR	6753349	PtrMemberAccess	psy_band -> threshold		6752025	0					
ANR	6753350	Identifier	psy_band		6752025	0					
ANR	6753351	Identifier	threshold		6752025	1					
ANR	6753352	PtrMemberAccess	band -> thr		6752025	1					
ANR	6753353	Identifier	band		6752025	0					
ANR	6753354	Identifier	thr		6752025	1					
ANR	6753355	ExpressionStatement	psy_band -> energy = band -> energy	325:12:7701:7735	6752025	3	True				
ANR	6753356	AssignmentExpression	psy_band -> energy = band -> energy		6752025	0		=			
ANR	6753357	PtrMemberAccess	psy_band -> energy		6752025	0					
ANR	6753358	Identifier	psy_band		6752025	0					
ANR	6753359	Identifier	energy		6752025	1					
ANR	6753360	PtrMemberAccess	band -> energy		6752025	1					
ANR	6753361	Identifier	band		6752025	0					
ANR	6753362	Identifier	energy		6752025	1					
ANR	6753363	ExpressionStatement	"memcpy ( pch -> prev_band , pch -> band , sizeof ( pch -> band ) )"	333:4:7762:7814	6752025	19	True				
ANR	6753364	CallExpression	"memcpy ( pch -> prev_band , pch -> band , sizeof ( pch -> band ) )"		6752025	0					
ANR	6753365	Callee	memcpy		6752025	0					
ANR	6753366	Identifier	memcpy		6752025	0					
ANR	6753367	ArgumentList	pch -> prev_band		6752025	1					
ANR	6753368	Argument	pch -> prev_band		6752025	0					
ANR	6753369	PtrMemberAccess	pch -> prev_band		6752025	0					
ANR	6753370	Identifier	pch		6752025	0					
ANR	6753371	Identifier	prev_band		6752025	1					
ANR	6753372	Argument	pch -> band		6752025	1					
ANR	6753373	PtrMemberAccess	pch -> band		6752025	0					
ANR	6753374	Identifier	pch		6752025	0					
ANR	6753375	Identifier	band		6752025	1					
ANR	6753376	Argument	sizeof ( pch -> band )		6752025	2					
ANR	6753377	SizeofExpression	sizeof ( pch -> band )		6752025	0					
ANR	6753378	Sizeof	sizeof		6752025	0					
ANR	6753379	PtrMemberAccess	pch -> band		6752025	1					
ANR	6753380	Identifier	pch		6752025	0					
ANR	6753381	Identifier	band		6752025	1					
ANR	6753382	ReturnType	static void		6752025	1					
ANR	6753383	Identifier	psy_3gpp_analyze_channel		6752025	2					
ANR	6753384	ParameterList	"FFPsyContext * ctx , int channel , const float * coefs , const FFPsyWindowInfo * wi"		6752025	3					
ANR	6753385	Parameter	FFPsyContext * ctx	1:37:37:53	6752025	0	True				
ANR	6753386	ParameterType	FFPsyContext *		6752025	0					
ANR	6753387	Identifier	ctx		6752025	1					
ANR	6753388	Parameter	int channel	1:56:56:66	6752025	1	True				
ANR	6753389	ParameterType	int		6752025	0					
ANR	6753390	Identifier	channel		6752025	1					
ANR	6753391	Parameter	const float * coefs	3:37:107:124	6752025	2	True				
ANR	6753392	ParameterType	const float *		6752025	0					
ANR	6753393	Identifier	coefs		6752025	1					
ANR	6753394	Parameter	const FFPsyWindowInfo * wi	3:57:127:151	6752025	3	True				
ANR	6753395	ParameterType	const FFPsyWindowInfo *		6752025	0					
ANR	6753396	Identifier	wi		6752025	1					
ANR	6753397	CFGEntryNode	ENTRY		6752025		True				
ANR	6753398	CFGExitNode	EXIT		6752025		True				
ANR	6753399	Symbol	* w		6752025						
ANR	6753400	Symbol	ctx -> bitres . size		6752025						
ANR	6753401	Symbol	channel		6752025						
ANR	6753402	Symbol	* * coeffs		6752025						
ANR	6753403	Symbol	bands [ g + 1 ] . thr		6752025						
ANR	6753404	Symbol	wi -> window_type		6752025						
ANR	6753405	Symbol	ctx -> bitres . bits		6752025						
ANR	6753406	Symbol	psy_band -> threshold		6752025						
ANR	6753407	Symbol	band -> thr		6752025						
ANR	6753408	Symbol	ctx -> ch [ channel ] . entropy		6752025						
ANR	6753409	Symbol	ctx -> bitres		6752025						
ANR	6753410	Symbol	* coeffs [ g ] . spread_hi		6752025						
ANR	6753411	Symbol	band		6752025						
ANR	6753412	Symbol	coeffs [ g ] . ath		6752025						
ANR	6753413	Symbol	* spread_en		6752025						
ANR	6753414	Symbol	ctx		6752025						
ANR	6753415	Symbol	* ctx -> bands		6752025						
ANR	6753416	Symbol	pe_no_ah		6752025						
ANR	6753417	Symbol	psy_band		6752025						
ANR	6753418	Symbol	calc_bit_demand		6752025						
ANR	6753419	Symbol	pctx -> ch		6752025						
ANR	6753420	Symbol	desired_pe		6752025						
ANR	6753421	Symbol	* * wi		6752025						
ANR	6753422	Symbol	* wi -> num_windows		6752025						
ANR	6753423	Symbol	PSY_3GPP_AH_INACTIVE		6752025						
ANR	6753424	Symbol	PSY_3GPP_AH_THR_LONG		6752025						
ANR	6753425	Symbol	bands [ g ] . energy		6752025						
ANR	6753426	Symbol	delta_sfb_pe		6752025						
ANR	6753427	Symbol	bands		6752025						
ANR	6753428	Symbol	* pctx		6752025						
ANR	6753429	Symbol	norm_fac		6752025						
ANR	6753430	Symbol	spread_en		6752025						
ANR	6753431	Symbol	LONG_START_SEQUENCE		6752025						
ANR	6753432	Symbol	pctx -> psy_coef		6752025						
ANR	6753433	Symbol	band_sizes		6752025						
ANR	6753434	Symbol	band -> norm_fac		6752025						
ANR	6753435	Symbol	* psy_band		6752025						
ANR	6753436	Symbol	ctx -> bands		6752025						
ANR	6753437	Symbol	desired_bits		6752025						
ANR	6753438	Symbol	ctx -> ch [ channel ] . psy_bands		6752025						
ANR	6753439	Symbol	* pch -> prev_band		6752025						
ANR	6753440	Symbol	a		6752025						
ANR	6753441	Symbol	fabs		6752025						
ANR	6753442	Symbol	pch -> band		6752025						
ANR	6753443	Symbol	* channel		6752025						
ANR	6753444	Symbol	g		6752025						
ANR	6753445	Symbol	ctx -> ch		6752025						
ANR	6753446	Symbol	i		6752025						
ANR	6753447	Symbol	coeffs [ g ] . min_snr		6752025						
ANR	6753448	Symbol	pctx -> pe . previous		6752025						
ANR	6753449	Symbol	pch -> prev_band [ w + g ] . thr_quiet		6752025						
ANR	6753450	Symbol	* ctx		6752025						
ANR	6753451	Symbol	ctx -> num_bands		6752025						
ANR	6753452	Symbol	w		6752025						
ANR	6753453	Symbol	calc_pe_3gpp		6752025						
ANR	6753454	Symbol	delta_pe		6752025						
ANR	6753455	Symbol	* * ctx		6752025						
ANR	6753456	Symbol	band -> thr_quiet		6752025						
ANR	6753457	Symbol	active_lines		6752025						
ANR	6753458	Symbol	FFMAX		6752025						
ANR	6753459	Symbol	PSY_3GPP_RPELEV		6752025						
ANR	6753460	Symbol	thr		6752025						
ANR	6753461	Symbol	pctx		6752025						
ANR	6753462	Symbol	calc_reduced_thr_3gpp		6752025						
ANR	6753463	Symbol	FFMIN		6752025						
ANR	6753464	Symbol	band -> avoid_holes		6752025						
ANR	6753465	Symbol	exp2f		6752025						
ANR	6753466	Symbol	bands [ 0 ] . energy		6752025						
ANR	6753467	Symbol	* wi		6752025						
ANR	6753468	Symbol	* bands		6752025						
ANR	6753469	Symbol	coefs		6752025						
ANR	6753470	Symbol	coeffs		6752025						
ANR	6753471	Symbol	calc_reduction_3gpp		6752025						
ANR	6753472	Symbol	avoid_hole_thr		6752025						
ANR	6753473	Symbol	* coeffs		6752025						
ANR	6753474	Symbol	* * g		6752025						
ANR	6753475	Symbol	pctx -> pe		6752025						
ANR	6753476	Symbol	* wi -> window_type		6752025						
ANR	6753477	Symbol	* * pch		6752025						
ANR	6753478	Symbol	PSY_3GPP_RPEMIN		6752025						
ANR	6753479	Symbol	desired_pe_no_ah		6752025						
ANR	6753480	Symbol	PSY_3GPP_AH_THR_SHORT		6752025						
ANR	6753481	Symbol	PSY_3GPP_AH_NONE		6752025						
ANR	6753482	Symbol	pctx -> chan_bitrate		6752025						
ANR	6753483	Symbol	pch -> prev_band		6752025						
ANR	6753484	Symbol	* pch		6752025						
ANR	6753485	Symbol	coeffs [ g ] . spread_hi		6752025						
ANR	6753486	Symbol	av_clipf		6752025						
ANR	6753487	Symbol	band -> active_lines		6752025						
ANR	6753488	Symbol	PSY_3GPP_BITS_TO_PE		6752025						
ANR	6753489	Symbol	LONG_STOP_SEQUENCE		6752025						
ANR	6753490	Symbol	PSY_3GPP_AH_ACTIVE		6752025						
ANR	6753491	Symbol	bands [ g ] . thr		6752025						
ANR	6753492	Symbol	wi		6752025						
ANR	6753493	Symbol	pch		6752025						
ANR	6753494	Symbol	* ctx -> ch		6752025						
ANR	6753495	Symbol	bands [ g - 1 ] . thr		6752025						
ANR	6753496	Symbol	* pctx -> psy_coef		6752025						
ANR	6753497	Symbol	psy_band -> energy		6752025						
ANR	6753498	Symbol	num_bands		6752025						
ANR	6753499	Symbol	coeffs [ g ] . spread_low		6752025						
ANR	6753500	Symbol	band -> pe_const		6752025						
ANR	6753501	Symbol	PSY_SNR_1DB		6752025						
ANR	6753502	Symbol	* ctx -> num_bands		6752025						
ANR	6753503	Symbol	* coeffs [ g ] . spread_low		6752025						
ANR	6753504	Symbol	* g		6752025						
ANR	6753505	Symbol	band -> pe		6752025						
ANR	6753506	Symbol	pe		6752025						
ANR	6753507	Symbol	wi -> num_windows		6752025						
ANR	6753508	Symbol	* band		6752025						
ANR	6753509	Symbol	* * pctx		6752025						
ANR	6753510	Symbol	band -> energy		6752025						
ANR	6753511	Symbol	NAN		6752025						
ANR	6753512	Symbol	ctx -> model_priv_data		6752025						
ANR	6753513	Symbol	reduction		6752025						
